1.00612	0	5360
1.01281	5360	5896
1.01399	5896	6432
1.01517	6432	6968
1.03064	6968	7504
1.03182	7504	8040
1.033	8040	8576
1.05464	8576	9112
1.05582	9112	9648
1.057	9648	10184
1.07864	10184	10720
1.07982	10720	11256
1.081	11256	11792
1.10264	11792	12328
1.10382	12328	12864
1.105	12864	13400
1.12664	13400	13936
1.12782	13936	14472
1.15065	14472	3000
1.15124	3000	2464
1.15183	2464	1928
1.15242	1928	1458
1.15301	1458	1232
1.15339	1232	1176
1.1573	1176	1232
1.1573	1232	1465
1.17523	1465	1661
1.18247	1661	1833
1.1889	1833	1989
1.19923	1989	2133
1.20588	2133	2267
1.20684	2267	2393
1.22323	2393	2513
1.22441	2513	2627
1.23025	2627	2736
1.24723	2736	2841
1.24841	2841	2942
1.25366	2942	3039
1.27123	3039	3133
1.27241	3133	3224
1.27338	3224	3313
1.29523	3313	3399
1.29641	3399	3483
1.29738	3483	3565
1.31923	3565	3645
1.32041	3645	3723
1.32138	3723	3800
1.34323	3800	3875
1.34441	3875	3949
1.34538	3949	4021
1.36723	4021	4092
1.36841	4092	4162
1.36938	4162	4231
1.39242	4231	1392
1.39301	1392	1072
1.39339	1072	856
1.39907	856	1072
1.39907	1072	1340
1.41523	1340	1554
1.4295	1554	536
1.43615	536	1072
1.43615	1072	1340
1.44338	1340	1554
1.45061	1554	1738
1.45763	1738	1903
1.46428	1903	2053
1.47092	2053	2192
1.47188	2192	2323
1.48723	2323	2446
1.48841	2446	2563
1.49425	2563	2675
1.51123	2675	2782
1.51241	2782	2885
1.51825	2885	2984
1.53523	2984	3080
1.53641	3080	3173
1.54166	3173	3263
1.55923	3263	3351
1.56041	3351	3436
1.56138	3436	3519
1.58323	3519	3600
1.58441	3600	3679
1.58538	3679	3757
1.60723	3757	3833
1.60841	3833	3907
1.60938	3907	3980
1.63123	3980	4052
1.63241	4052	4122
1.63338	4122	4191
1.65523	4191	4259
1.65641	4259	4326
1.65738	4326	4392
1.67923	4392	4457
1.68041	4457	4521
1.68138	4521	4584
1.70323	4584	4646
1.70441	4646	4707
1.70538	4707	4768
1.72723	4768	4828
1.72841	4828	4887
1.72938	4887	4945
1.75123	4945	5003
1.75241	5003	5060
1.75338	5060	5116
1.77523	5116	5172
1.77641	5172	5227
1.77738	5227	5281
1.79923	5281	5335
1.80041	5335	5388
1.80138	5388	5441
1.82323	5441	5493
1.82441	5493	5545
1.82538	5545	5596
1.84723	5596	5647
1.84841	5647	5697
1.84938	5697	5747
1.87123	5747	5796
1.87241	5796	5845
1.87338	5845	5894
1.89523	5894	5942
1.89641	5942	5990
1.89738	5990	6037
1.91923	6037	6084
1.92041	6084	6131
1.92138	6131	6177
1.94323	6177	6223
1.94441	6223	6269
1.94538	6269	6314
1.96723	6314	6359
1.96841	6359	6404
1.96938	6404	6448
1.99123	6448	6492
1.99241	6492	6536
1.99338	6536	6579
2.01523	6579	6622
2.01641	6622	6665
2.01738	6665	6708
2.03923	6708	6750
2.04041	6750	6792
2.04138	6792	6834
2.06323	6834	6876
2.06441	6876	6917
2.06538	6917	6958
2.08723	6958	6999
2.08841	6999	7040
2.08938	7040	7080
2.11123	7080	7120
2.11241	7120	7160
2.11338	7160	7200
2.13523	7200	7239
2.13641	7239	7278
2.13738	7278	7317
2.15923	7317	7356
2.16041	7356	7395
2.16138	7395	7433
2.18323	7433	7471
2.18441	7471	7509
2.18538	7509	7547
2.20723	7547	7585
2.20841	7585	7622
2.20938	7622	7659
2.23123	7659	7696
2.23241	7696	7733
2.23338	7733	7770
2.25523	7770	7806
2.25641	7806	7842
2.25738	7842	7878
2.27923	7878	7914
2.28041	7914	7950
2.28138	7950	7986
2.30323	7986	8021
2.30441	8021	8056
2.30538	8056	8091
2.32723	8091	8126
2.32841	8126	8161
2.32938	8161	8196
2.35123	8196	8231
2.35241	8231	8265
2.35338	8265	8299
2.37523	8299	8333
2.37641	8333	8367
2.37738	8367	8401
2.39923	8401	8435
2.40041	8435	8469
2.40138	8469	8502
2.42323	8502	8535
2.42441	8535	8568
2.42538	8568	8601
2.44723	8601	8634
2.44841	8634	8667
2.47243	8667	1928
2.47302	1928	1203
2.47339	1203	640
2.47887	640	320
2.48551	320	1072
2.48551	1072	1340
2.49523	1340	1554
2.50247	1554	1738
2.50949	1738	1903
2.51923	1903	2053
2.52588	2053	2192
2.52684	2192	2323
2.54323	2323	2446
2.54441	2446	2563
2.55025	2563	2675
2.56723	2675	2782
2.56841	2782	2885
2.57425	2885	2984
2.59123	2984	3080
2.59241	3080	3173
2.59766	3173	3263
2.61523	3263	3351
2.61641	3351	3436
2.61738	3436	3519
2.63923	3519	3600
2.64041	3600	3679
2.64138	3679	3757
2.66323	3757	3833
2.66441	3833	3907
2.66538	3907	3980
2.68723	3980	4052
2.68841	4052	4122
2.68938	4122	4191
2.71123	4191	4259
2.71241	4259	4326
2.71338	4326	4392
2.73523	4392	4457
2.73641	4457	4521
2.73738	4521	4584
2.75923	4584	4646
2.76041	4646	4707
2.76138	4707	4768
2.78323	4768	4828
2.78441	4828	4887
2.78538	4887	4945
2.80723	4945	5003
2.80841	5003	5060
2.80938	5060	5116
2.83123	5116	5172
2.83241	5172	5227
2.83338	5227	5281
2.85523	5281	5335
2.85641	5335	5388
2.85738	5388	5441
2.87923	5441	5493
2.88041	5493	5545
2.88138	5545	5596
2.90323	5596	5647
2.90441	5647	5697
2.90538	5697	5747
2.92723	5747	5796
2.92841	5796	5845
2.92938	5845	5894
2.95123	5894	5942
2.95241	5942	5990
2.95338	5990	6037
2.97523	6037	6084
2.97641	6084	6131
2.97738	6131	6177
2.99923	6177	6223
3.00041	6223	6269
3.00138	6269	6314
3.02323	6314	6359
3.02441	6359	6404
3.02538	6404	6448
3.04723	6448	6492
3.04841	6492	6536
3.04938	6536	6579
3.07123	6579	6622
3.07241	6622	6665
3.07338	6665	6708
3.09523	6708	6750
3.09641	6750	6792
3.09738	6792	6834
3.11923	6834	6876
3.12041	6876	6917
3.12138	6917	6958
3.14323	6958	6999
3.14441	6999	7040
3.14538	7040	7080
3.16723	7080	7120
3.16841	7120	7160
3.16938	7160	7200
3.19123	7200	7239
3.19241	7239	7278
3.19338	7278	7317
3.21523	7317	7356
3.21641	7356	7395
3.21738	7395	7433
3.23923	7433	7471
3.24041	7471	7509
3.24138	7509	7547
3.26323	7547	7585
3.26441	7585	7622
3.26538	7622	7659
3.28723	7659	7696
3.28841	7696	7733
3.28938	7733	7770
3.31123	7770	7806
3.31241	7806	7842
3.31338	7842	7878
3.33523	7878	7914
3.33641	7914	7950
3.33738	7950	7986
3.35923	7986	8021
3.36041	8021	8056
3.36138	8056	8091
3.38323	8091	8126
3.38441	8126	8161
3.38538	8161	8196
3.40723	8196	8231
3.40841	8231	8265
3.40938	8265	8299
3.43123	8299	8333
3.43241	8333	8367
3.43338	8367	8401
3.45523	8401	8435
3.45641	8435	8469
3.45738	8469	8502
3.47923	8502	8535
3.48041	8535	8568
3.48138	8568	8601
3.50323	8601	8634
3.50441	8634	8667
3.50538	8667	8700
3.52723	8700	8733
3.52841	8733	8765
3.52938	8765	8797
3.55123	8797	8829
3.55241	8829	8861
3.55338	8861	8893
3.57523	8893	8925
3.57641	8925	8957
3.57738	8957	8989
3.59923	8989	9020
3.60041	9020	9051
3.60138	9051	9082
3.62323	9082	9113
3.62441	9113	9144
3.62538	9144	9175
3.64723	9175	9206
3.64841	9206	9237
3.64938	9237	9268
3.67123	9268	9298
3.67241	9298	9328
3.67338	9328	9358
3.69523	9358	9388
3.69641	9388	9418
3.69738	9418	9448
3.71923	9448	9478
3.72041	9478	9508
3.72138	9508	9538
3.74323	9538	9568
3.74441	9568	9598
3.74538	9598	9627
3.76723	9627	9656
3.76841	9656	9685
3.76938	9685	9714
3.79123	9714	9743
3.79241	9743	9772
3.79338	9772	9801
3.81523	9801	9830
3.81641	9830	9859
3.81738	9859	9888
3.83923	9888	9917
3.84041	9917	9945
3.84138	9945	9973
3.86323	9973	10001
3.86441	10001	10029
3.86538	10029	10057
3.88723	10057	10085
3.88841	10085	10113
3.88938	10113	10141
3.91123	10141	10169
3.91241	10169	10197
3.91338	10197	10225
3.93523	10225	10253
3.93641	10253	10281
3.93738	10281	10308
3.95923	10308	10335
3.96041	10335	10362
3.96138	10362	10389
3.98323	10389	10416
3.98441	10416	10443
3.98538	10443	10470
4.00723	10470	10497
4.00841	10497	10524
4.00938	10524	10551
4.03123	10551	10578
4.03241	10578	10605
4.03338	10605	10632
4.05523	10632	10659
4.05641	10659	10685
4.05738	10685	10711
4.07923	10711	10737
4.08041	10737	10763
4.08138	10763	10789
4.10323	10789	10815
4.10441	10815	10841
4.10538	10841	10867
4.12723	10867	10893
4.12841	10893	10919
4.12938	10919	10945
4.15123	10945	10971
4.15241	10971	10997
4.15338	10997	11023
4.17523	11023	11049
4.17641	11049	11075
4.17738	11075	11100
4.19923	11100	11125
4.20041	11125	11150
4.20138	11150	11175
4.22323	11175	11200
4.22441	11200	11225
4.22538	11225	11250
4.24723	11250	11275
4.24841	11275	11300
4.24938	11300	11325
4.27123	11325	11350
4.27241	11350	11375
4.27338	11375	11400
4.29523	11400	11425
4.29641	11425	11450
4.29738	11450	11475
4.31923	11475	11500
4.32041	11500	11524
4.32138	11524	11548
4.34323	11548	11572
4.34441	11572	11596
4.34538	11596	11620
4.36723	11620	11644
4.36841	11644	11668
4.36938	11668	11692
4.39123	11692	11716
4.39241	11716	11740
4.39338	11740	11764
4.41523	11764	11788
4.41641	11788	11812
4.41738	11812	11836
4.43923	11836	11860
4.44041	11860	11884
4.44138	11884	11908
4.46323	11908	11932
4.46441	11932	11956
4.46538	11956	11980
4.48723	11980	12003
4.48841	12003	12026
4.48938	12026	12049
4.51123	12049	12072
4.51241	12072	12095
4.51338	12095	12118
4.53523	12118	12141
4.53641	12141	12164
4.53738	12164	12187
4.55923	12187	12210
4.56041	12210	12233
4.56138	12233	12256
4.58323	12256	12279
4.58441	12279	12302
4.58538	12302	12325
4.60723	12325	12348
4.60841	12348	12371
4.60938	12371	12394
4.63123	12394	12417
4.63241	12417	12440
4.63338	12440	12463
4.65523	12463	12486
4.65641	12486	12509
4.65738	12509	12531
4.67923	12531	12553
4.68041	12553	12575
4.68138	12575	12597
4.70323	12597	12619
4.70441	12619	12641
4.70538	12641	12663
4.72723	12663	12685
4.72841	12685	12707
4.72938	12707	12729
4.75123	12729	12751
4.75241	12751	12773
4.75338	12773	12795
4.77523	12795	12817
4.77641	12817	12839
4.77738	12839	12861
4.79923	12861	12883
4.80041	12883	12905
4.80138	12905	12927
4.82323	12927	12949
4.82441	12949	12971
4.82538	12971	12993
4.84723	12993	13015
4.84841	13015	13037
4.84938	13037	13059
4.87123	13059	13080
4.87241	13080	13101
4.87338	13101	13122
4.89523	13122	13143
4.89641	13143	13164
4.89738	13164	13185
4.91923	13185	13206
4.92041	13206	13227
4.92138	13227	13248
4.94323	13248	13269
4.94441	13269	13290
4.94538	13290	13311
4.96723	13311	13332
4.96841	13332	13353
4.96938	13353	13374
4.99123	13374	13395
4.99241	13395	13416
4.99338	13416	13437
5.01523	13437	13458
5.01641	13458	13479
5.01738	13479	13500
5.03923	13500	13521
5.04041	13521	13542
5.04138	13542	13563
5.06323	13563	13584
5.06441	13584	13605
5.06538	13605	13626
5.08723	13626	13647
5.08841	13647	13668
5.08938	13668	13689
5.11123	13689	13709
5.11241	13709	13729
5.11338	13729	13749
5.13523	13749	13769
5.13641	13769	13789
5.13738	13789	13809
5.15923	13809	13829
5.16041	13829	13849
5.16138	13849	13869
5.18323	13869	13889
5.18441	13889	13909
5.18538	13909	13929
5.20723	13929	13949
5.20841	13949	13969
5.20938	13969	13989
5.23123	13989	14009
5.23241	14009	14029
5.23338	14029	14049
5.25523	14049	14069
5.25641	14069	14089
5.25738	14089	14109
5.27923	14109	14129
5.28041	14129	14149
5.28138	14149	14169
5.30323	14169	14189
5.30441	14189	14209
5.30538	14209	14229
5.32723	14229	14249
5.32841	14249	14269
5.32938	14269	14289
5.35123	14289	14309
5.35241	14309	14329
5.35338	14329	14349
5.37523	14349	14369
5.37641	14369	14388
5.37738	14388	14407
5.39923	14407	14426
5.40041	14426	14445
5.40138	14445	14464
5.42323	14464	14483
5.42441	14483	14502
5.42538	14502	14521
5.44723	14521	14540
5.44841	14540	14559
5.44938	14559	14578
5.47123	14578	14597
5.47241	14597	14616
5.47338	14616	14635
5.49523	14635	14654
5.49641	14654	14673
5.49738	14673	14692
5.51923	14692	14711
5.52041	14711	14730
5.52138	14730	14749
5.54323	14749	14768
5.54441	14768	14787
5.54538	14787	14806
5.56723	14806	14825
5.56841	14825	14844
5.56938	14844	14863
5.59123	14863	14882
5.59241	14882	14901
5.59338	14901	14920
5.61701	14920	856
5.62366	856	1072
5.62366	1072	1340
5.63923	1340	1554
5.64647	1554	1738
5.65349	1738	1903
5.66323	1903	2053
5.66988	2053	2192
5.67084	2192	2323
5.68723	2323	2446
5.68841	2446	2563
5.69425	2563	2675
5.71123	2675	2782
5.71241	2782	2885
5.71825	2885	2984
5.73523	2984	3080
5.73641	3080	3173
5.74166	3173	3263
5.75923	3263	3351
5.76041	3351	3436
5.76138	3436	3519
5.78323	3519	3600
5.78441	3600	3679
5.78538	3679	3757
5.80723	3757	3833
5.80841	3833	3907
5.80938	3907	3980
5.83123	3980	4052
5.83241	4052	4122
5.83338	4122	4191
5.85523	4191	4259
5.85641	4259	4326
5.85738	4326	4392
5.87923	4392	4457
5.88041	4457	4521
5.88138	4521	4584
5.90323	4584	4646
5.90441	4646	4707
5.90538	4707	4768
5.92723	4768	4828
5.92841	4828	4887
5.92938	4887	4945
5.95123	4945	5003
5.95241	5003	5060
5.95338	5060	5116
5.97523	5116	5172
5.97641	5172	5227
5.97738	5227	5281
5.99923	5281	5335
6.00041	5335	5388
6.00138	5388	5441
6.02323	5441	5493
6.02441	5493	5545
6.02538	5545	5596
6.04723	5596	5647
6.04841	5647	5697
6.04938	5697	5747
6.07123	5747	5796
6.07241	5796	5845
6.07338	5845	5894
6.09523	5894	5942
6.09641	5942	5990
6.09738	5990	6037
6.11923	6037	6084
6.12041	6084	6131
6.12138	6131	6177
6.14323	6177	6223
6.14441	6223	6269
6.14538	6269	6314
6.16723	6314	6359
6.16841	6359	6404
6.16938	6404	6448
6.19123	6448	6492
6.19241	6492	6536
6.19338	6536	6579
6.21523	6579	6622
6.21641	6622	6665
6.21738	6665	6708
6.24101	6708	856
6.24766	856	1072
6.24766	1072	1340
6.26323	1340	1554
6.27047	1554	1738
6.27749	1738	1903
6.28723	1903	2053
6.29388	2053	2192
6.29484	2192	2323
6.31123	2323	2446
6.31241	2446	2563
6.31825	2563	2675
6.33523	2675	2782
6.33641	2782	2885
6.34225	2885	2984
6.35923	2984	3080
6.36041	3080	3173
6.36566	3173	3263
6.38323	3263	3351
6.38441	3351	3436
6.38538	3436	3519
6.40723	3519	3600
6.40841	3600	3679
6.40938	3679	3757
6.43123	3757	3833
6.43241	3833	3907
6.43338	3907	3980
6.45523	3980	4052
6.45641	4052	4122
6.45738	4122	4191
6.47923	4191	4259
6.48041	4259	4326
6.48138	4326	4392
6.50323	4392	4457
6.50441	4457	4521
6.50538	4521	4584
6.52723	4584	4646
6.52841	4646	4707
6.52938	4707	4768
6.55123	4768	4828
6.55241	4828	4887
6.55338	4887	4945
6.57523	4945	5003
6.57641	5003	5060
6.57738	5060	5116
6.59923	5116	5172
6.60041	5172	5227
6.60138	5227	5281
6.62323	5281	5335
6.62441	5335	5388
6.62538	5388	5441
6.64723	5441	5493
6.64841	5493	5545
6.64938	5545	5596
6.67123	5596	5647
6.67241	5647	5697
6.67338	5697	5747
6.69523	5747	5796
6.69641	5796	5845
6.69738	5845	5894
6.71923	5894	5942
6.72041	5942	5990
6.72138	5990	6037
6.74323	6037	6084
6.74441	6084	6131
6.74538	6131	6177
6.76723	6177	6223
6.76841	6223	6269
6.76938	6269	6314
6.79123	6314	6359
6.79241	6359	6404
6.79338	6404	6448
6.81523	6448	6492
6.81641	6492	6536
6.81738	6536	6579
6.83923	6579	6622
6.84041	6622	6665
6.84138	6665	6708
6.86323	6708	6750
6.86441	6750	6792
6.86538	6792	6834
6.88723	6834	6876
6.88841	6876	6917
6.88938	6917	6958
6.91123	6958	6999
6.91241	6999	7040
6.91338	7040	7080
6.93523	7080	7120
6.93641	7120	7160
6.93738	7160	7200
6.95923	7200	7239
6.96041	7239	7278
6.96138	7278	7317
6.98323	7317	7356
6.98441	7356	7395
6.98538	7395	7433
7.00723	7433	7471
7.00841	7471	7509
7.00938	7509	7547
7.03123	7547	7585
7.03241	7585	7622
7.03338	7622	7659
7.05523	7659	7696
7.05641	7696	7733
7.05738	7733	7770
7.07923	7770	7806
7.08041	7806	7842
7.08138	7842	7878
7.10323	7878	7914
7.10441	7914	7950
7.12724	7950	2464
7.12783	2464	1928
7.12842	1928	1392
7.12901	1392	1072
7.12939	1072	856
8.10441	856	536
8.3177	536	1072
8.32494	1072	1340
8.33217	1340	1554
8.3394	1554	1738
8.34664	1738	1903
8.35328	1903	2053
8.35993	2053	2192
8.36657	2192	2323
8.36775	2323	2446
8.3738	2446	2563
8.37498	2563	2675
8.38104	2675	2782
8.38222	2782	2885
8.38827	2885	2984
8.38945	2984	3080
8.39492	3080	3173
8.3961	3173	3263
8.40156	3263	3351
8.40274	3351	3436
8.40392	3436	3519
8.40879	3519	3600
8.40997	3600	3679
8.41115	3679	3757
8.41603	3757	3833
8.41721	3833	3907
8.41839	3907	3980
8.42267	3980	4052
8.42385	4052	4122
8.42503	4122	4191
8.42932	4191	4259
8.4305	4259	4326
8.43168	4326	4392
8.43596	4392	4457
8.43714	4457	4521
8.43832	4521	4584
8.4395	4584	4646
8.44319	4646	4707
8.44437	4707	4768
8.44555	4768	4828
8.44673	4828	4887
8.45043	4887	4945
8.45161	4945	5003
8.45279	5003	5060
8.45397	5060	5116
8.45707	5116	5172
8.45825	5172	5227
8.45943	5227	5281
8.46061	5281	5335
8.46372	5335	5388
8.4649	5388	5441
8.46608	5441	5493
8.46726	5493	5545
8.47036	5545	5596
8.47154	5596	5647
8.47272	5647	5697
8.4739	5697	5747
8.47508	5747	5796
8.47759	5796	5845
8.47877	5845	5894
8.47995	5894	5942
8.48113	5942	5990
8.48231	5990	6037
8.48483	6037	6084
8.48601	6084	6131
8.48719	6131	6177
8.48837	6177	6223
8.48955	6223	6269
8.49147	6269	6314
8.49265	6314	6359
8.49383	6359	6404
8.49501	6404	6448
8.49619	6448	6492
8.49812	6492	6536
8.4993	6536	6579
8.50048	6579	6622
8.50166	6622	6665
8.50284	6665	6708
8.50402	6708	6750
8.50535	6750	6792
8.50653	6792	6834
8.50771	6834	6876
8.50889	6876	6917
8.51007	6917	6958
8.51125	6958	6999
8.51258	6999	7040
8.51376	7040	7080
8.51494	7080	7120
8.51612	7120	7160
8.5173	7160	7200
8.51848	7200	7239
8.52144	7239	6432
8.52203	6432	5896
8.52262	5896	5414
8.52321	5414	5075
8.5238	5075	4735
8.52439	4735	4396
8.52498	4396	4056
8.52557	4056	3717
8.52616	3717	2948
8.52691	2948	2680
8.52868	2680	2948
8.52868	2948	3045
8.53356	3045	3139
8.53474	3139	3230
8.5402	3230	3318
8.54138	3318	3404
8.54256	3404	3488
8.54744	3488	3570
8.54862	3570	3650
8.5498	3650	3728
8.55467	3728	3805
8.55585	3805	3880
8.55703	3880	3954
8.5619	3954	4026
8.56308	4026	4097
8.56426	4097	4167
8.56855	4167	4235
8.56973	4235	4302
8.57091	4302	4368
8.57519	4368	4433
8.57637	4433	4497
8.57755	4497	4560
8.57873	4560	4623
8.58243	4623	4685
8.58361	4685	4746
8.58479	4746	4806
8.58597	4806	4865
8.58966	4865	4924
8.59084	4924	4982
8.59202	4982	5039
8.5932	5039	5096
8.5963	5096	5152
8.59748	5152	5207
8.59866	5207	5262
8.59984	5262	5316
8.60295	5316	5370
8.60413	5370	5423
8.60531	5423	5475
8.60649	5475	5527
8.60959	5527	5578
8.61077	5578	5629
8.61195	5629	5680
8.61313	5680	5730
8.61431	5730	5780
8.61683	5780	5829
8.61801	5829	5878
8.61919	5878	5926
8.62037	5926	5974
8.62155	5974	6022
8.62406	6022	6069
8.62524	6069	6116
8.62642	6116	6162
8.6276	6162	6208
8.62878	6208	6254
8.6307	6254	6299
8.63188	6299	6344
8.63306	6344	6389
8.63424	6389	6433
8.63864	6433	6477
8.63982	6477	6521
8.641	6521	6565
8.66264	6565	6608
8.66382	6608	6651
8.665	6651	6694
8.68664	6694	6736
8.68782	6736	6778
8.689	6778	6820
8.71064	6820	6862
8.71182	6862	6903
8.713	6903	6944
8.73464	6944	6985
8.73582	6985	7026
8.737	7026	7066
8.75864	7066	7106
8.75982	7106	7146
8.761	7146	7186
8.78264	7186	7225
8.78382	7225	7264
8.785	7264	7303
8.80664	7303	7342
8.80782	7342	7381
8.809	7381	7419
8.83064	7419	7457
8.83182	7457	7495
8.833	7495	7533
8.85464	7533	7571
8.85582	7571	7608
8.857	7608	7645
8.87864	7645	7682
8.87982	7682	7719
8.881	7719	7756
8.90264	7756	7793
8.90382	7793	7829
8.905	7829	7865
8.92664	7865	7901
8.92782	7901	7937
8.929	7937	7973
8.95064	7973	8009
8.95182	8009	8044
8.953	8044	8079
8.97464	8079	8114
8.97582	8114	8149
8.977	8149	8184
8.99864	8184	8219
8.99982	8219	8253
9.001	8253	8287
9.02264	8287	8321
9.02382	8321	8355
9.025	8355	8389
9.04664	8389	8423
9.04782	8423	8457
9.049	8457	8490
9.07064	8490	8523
9.07182	8523	8556
9.073	8556	8589
9.09464	8589	8622
9.09582	8622	8655
9.097	8655	8688
9.11864	8688	8721
9.11982	8721	8753
9.121	8753	8785
9.14264	8785	8817
9.14382	8817	8849
9.145	8849	8881
9.16664	8881	8913
9.16782	8913	8945
9.169	8945	8977
9.19064	8977	9009
9.19182	9009	9040
9.193	9040	9071
9.21464	9071	9102
9.21582	9102	9133
9.217	9133	9164
9.23864	9164	9195
9.23982	9195	9226
9.241	9226	9257
9.26264	9257	9288
9.26382	9288	9318
9.265	9318	9348
9.28664	9348	9378
9.28782	9378	9408
9.289	9408	9438
9.31064	9438	9468
9.31182	9468	9498
9.313	9498	9528
9.33464	9528	9558
9.33582	9558	9588
9.337	9588	9617
9.35864	9617	9646
9.35982	9646	9675
9.38324	9675	2464
9.38383	2464	1928
9.38442	1928	1392
9.38501	1392	1072
9.38539	1072	856
9.38989	856	1072
9.38989	1072	1340
9.40723	1340	1554
9.41447	1554	1738
9.42149	1738	1903
9.43123	1903	2053
9.43788	2053	2192
9.43884	2192	2323
9.45523	2323	2446
9.45641	2446	2563
9.46225	2563	2675
9.47923	2675	2782
9.48041	2782	2885
9.48625	2885	2984
9.50323	2984	3080
9.50441	3080	3173
9.50966	3173	3263
9.52723	3263	3351
9.52841	3351	3436
9.52938	3436	3519
9.55123	3519	3600
9.55241	3600	3679
9.55338	3679	3757
9.57523	3757	3833
9.57641	3833	3907
9.57738	3907	3980
9.59923	3980	4052
9.60041	4052	4122
9.60138	4122	4191
9.62323	4191	4259
9.62441	4259	4326
9.62538	4326	4392
9.64723	4392	4457
9.64841	4457	4521
9.64938	4521	4584
9.67123	4584	4646
9.67241	4646	4707
9.67338	4707	4768
9.69523	4768	4828
9.69641	4828	4887
9.69738	4887	4945
9.71923	4945	5003
9.72041	5003	5060
9.72138	5060	5116
9.74323	5116	5172
9.74441	5172	5227
9.74538	5227	5281
9.76723	5281	5335
9.76841	5335	5388
9.76938	5388	5441
9.79123	5441	5493
9.79241	5493	5545
9.79338	5545	5596
9.81523	5596	5647
9.81641	5647	5697
9.81738	5697	5747
9.83923	5747	5796
9.84041	5796	5845
9.84138	5845	5894
9.86323	5894	5942
9.86441	5942	5990
9.86538	5990	6037
9.88723	6037	6084
9.88841	6084	6131
9.88938	6131	6177
9.91123	6177	6223
9.91241	6223	6269
9.91338	6269	6314
9.93523	6314	6359
9.93641	6359	6404
9.93738	6404	6448
9.95923	6448	6492
9.96041	6492	6536
9.96138	6536	6579
9.98323	6579	6622
9.98441	6622	6665
9.98538	6665	6708
10.0072	6708	6750
10.0084	6750	6792
10.0094	6792	6834
10.0312	6834	6876
10.0324	6876	6917
10.0334	6917	6958
10.0552	6958	6999
10.0564	6999	7040
10.0574	7040	7080
10.0792	7080	7120
10.0804	7120	7160
10.0814	7160	7200
10.1032	7200	7239
10.1044	7239	7278
10.1054	7278	7317
10.1272	7317	7356
10.1284	7356	7395
10.1294	7395	7433
10.1512	7433	7471
10.1524	7471	7509
10.1534	7509	7547
10.1752	7547	7585
10.1764	7585	7622
10.1774	7622	7659
10.1992	7659	7696
10.2004	7696	7733
10.2014	7733	7770
10.2232	7770	7806
10.2244	7806	7842
10.2254	7842	7878
10.2472	7878	7914
10.2484	7914	7950
10.2494	7950	7986
10.2712	7986	8021
10.2724	8021	8056
10.2734	8056	8091
10.2952	8091	8126
10.2964	8126	8161
10.2974	8161	8196
10.3192	8196	8231
10.3204	8231	8265
10.3214	8265	8299
10.3432	8299	8333
10.3444	8333	8367
10.3454	8367	8401
10.3672	8401	8435
10.3684	8435	8469
10.3694	8469	8502
10.3912	8502	8535
10.3924	8535	8568
10.3934	8568	8601
10.4152	8601	8634
10.4164	8634	8667
10.4174	8667	8700
10.4392	8700	8733
10.4404	8733	8765
10.4414	8765	8797
10.4632	8797	8829
10.4644	8829	8861
10.4654	8861	8893
10.4872	8893	8925
10.4884	8925	8957
10.4894	8957	8989
10.5112	8989	9020
10.5124	9020	9051
10.5134	9051	9082
10.5352	9082	9113
10.5364	9113	9144
10.5374	9144	9175
10.5592	9175	9206
10.5604	9206	9237
10.5614	9237	9268
10.5832	9268	9298
10.5844	9298	9328
10.5854	9328	9358
10.6072	9358	9388
10.6084	9388	9418
10.6094	9418	9448
10.6312	9448	9478
10.6324	9478	9508
10.6334	9508	9538
10.6552	9538	9568
10.6564	9568	9598
10.6574	9598	9627
10.6792	9627	9656
10.6804	9656	9685
10.6814	9685	9714
10.7032	9714	9743
10.7044	9743	9772
10.7054	9772	9801
10.7272	9801	9830
10.7284	9830	9859
10.7294	9859	9888
10.7512	9888	9917
10.7524	9917	9945
10.7534	9945	9973
10.7752	9973	10001
10.7764	10001	10029
10.7774	10029	10057
10.7992	10057	10085
10.8004	10085	10113
10.8014	10113	10141
10.8232	10141	10169
10.8244	10169	10197
10.8254	10197	10225
10.8472	10225	10253
10.8484	10253	10281
10.8494	10281	10308
10.8712	10308	10335
10.8724	10335	10362
10.8734	10362	10389
10.8952	10389	10416
10.8964	10416	10443
10.8974	10443	10470
10.9192	10470	10497
10.9204	10497	10524
10.9214	10524	10551
10.9432	10551	10578
10.9444	10578	10605
10.9454	10605	10632
10.9672	10632	10659
10.9684	10659	10685
10.9694	10685	10711
10.9912	10711	10737
10.9924	10737	10763
10.9934	10763	10789
11.0152	10789	10815
11.0164	10815	10841
11.0174	10841	10867
11.0404	10867	1392
11.041	1392	1072
11.0414	1072	856
11.0471	856	1072
11.0471	1072	1340
11.0632	1340	1554
11.0705	1554	1738
11.0775	1738	1903
11.0872	1903	2053
11.0939	2053	2192
11.0948	2192	2323
11.1112	2323	2446
11.1124	2446	2563
11.1183	2563	2675
11.1352	2675	2782
11.1364	2782	2885
11.1423	2885	2984
11.1592	2984	3080
11.1604	3080	3173
11.1657	3173	3263
11.1832	3263	3351
11.1844	3351	3436
11.1854	3436	3519
11.2072	3519	3600
11.2084	3600	3679
11.2094	3679	3757
11.2312	3757	3833
11.2324	3833	3907
11.2334	3907	3980
11.2552	3980	4052
11.2564	4052	4122
11.2574	4122	4191
11.2792	4191	4259
11.2804	4259	4326
11.2814	4326	4392
11.3032	4392	4457
11.3044	4457	4521
11.3054	4521	4584
11.3272	4584	4646
11.3284	4646	4707
11.3294	4707	4768
11.3512	4768	4828
11.3524	4828	4887
11.3534	4887	4945
11.3752	4945	5003
11.3764	5003	5060
11.3774	5060	5116
11.3992	5116	5172
11.4004	5172	5227
11.4014	5227	5281
11.4244	5281	1392
11.425	1392	1072
11.4254	1072	856
11.4311	856	1072
11.4311	1072	1340
11.4472	1340	1554
11.4545	1554	1738
11.4615	1738	1903
11.4712	1903	2053
11.4779	2053	2192
11.4788	2192	2323
11.4952	2323	2446
11.4964	2446	2563
11.5023	2563	2675
11.5192	2675	2782
11.5204	2782	2885
11.5263	2885	2984
11.5432	2984	3080
11.5497	3080	536
11.5563	536	1072
11.5563	1072	1340
11.5672	1340	1554
11.5745	1554	1738
11.5815	1738	1903
11.5912	1903	2053
11.5979	2053	2192
11.5988	2192	2323
11.6152	2323	2446
11.6164	2446	2563
11.6223	2563	2675
11.6392	2675	2782
11.6404	2782	2885
11.6463	2885	2984
11.6632	2984	3080
11.6644	3080	3173
11.6697	3173	3263
11.6872	3263	3351
11.6884	3351	3436
11.6894	3436	3519
11.7112	3519	3600
11.7124	3600	3679
11.7134	3679	3757
11.7352	3757	3833
11.7364	3833	3907
11.7374	3907	3980
11.7592	3980	4052
11.7604	4052	4122
11.7614	4122	4191
11.7832	4191	4259
11.7844	4259	4326
11.7854	4326	4392
11.8072	4392	4457
11.8084	4457	4521
11.8094	4521	4584
11.8312	4584	4646
11.8324	4646	4707
11.8334	4707	4768
11.8552	4768	4828
11.8564	4828	4887
11.8574	4887	4945
11.8792	4945	5003
11.8804	5003	5060
11.8814	5060	5116
11.9032	5116	5172
11.9044	5172	5227
11.9054	5227	5281
11.9272	5281	5335
11.9284	5335	5388
11.9294	5388	5441
11.9512	5441	5493
11.9524	5493	5545
11.9534	5545	5596
11.9752	5596	5647
11.9764	5647	5697
11.9774	5697	5747
11.9992	5747	5796
12.0004	5796	5845
12.0014	5845	5894
12.0232	5894	5942
12.0244	5942	5990
12.0254	5990	6037
12.0472	6037	6084
12.0484	6084	6131
12.0494	6131	6177
12.0712	6177	6223
12.0724	6223	6269
12.0734	6269	6314
12.0952	6314	6359
12.0964	6359	6404
12.0974	6404	6448
12.1192	6448	6492
12.1204	6492	6536
12.1214	6536	6579
12.1432	6579	6622
12.1444	6622	6665
12.1454	6665	6708
12.1672	6708	6750
12.1684	6750	6792
12.1694	6792	6834
12.1912	6834	6876
12.1924	6876	6917
12.1934	6917	6958
12.2152	6958	6999
12.2164	6999	7040
12.2174	7040	7080
12.2392	7080	7120
12.2404	7120	7160
12.2414	7160	7200
12.2632	7200	7239
12.2644	7239	7278
12.2654	7278	7317
12.2872	7317	7356
12.2884	7356	7395
12.2894	7395	7433
12.3112	7433	7471
12.3124	7471	7509
12.3134	7509	7547
12.3352	7547	7585
12.3364	7585	7622
12.3374	7622	7659
12.3592	7659	7696
12.3604	7696	7733
12.3614	7733	7770
12.3832	7770	7806
12.3844	7806	7842
12.3854	7842	7878
12.4072	7878	7914
12.4084	7914	7950
12.4094	7950	7986
12.4312	7986	8021
12.4324	8021	8056
12.4334	8056	8091
12.4552	8091	8126
12.4564	8126	8161
12.4574	8161	8196
12.4792	8196	8231
12.4804	8231	8265
12.4814	8265	8299
12.5032	8299	8333
12.5044	8333	8367
12.5054	8367	8401
12.5272	8401	8435
12.5284	8435	8469
12.5294	8469	8502
12.5512	8502	8535
12.5524	8535	8568
12.5534	8568	8601
12.5752	8601	8634
12.5764	8634	8667
12.5774	8667	8700
12.5992	8700	8733
12.6004	8733	8765
12.6014	8765	8797
12.6232	8797	8829
12.6244	8829	8861
12.6254	8861	8893
12.6472	8893	8925
12.6484	8925	8957
12.6494	8957	8989
12.6712	8989	9020
12.6724	9020	9051
12.6734	9051	9082
12.6952	9082	9113
12.6964	9113	9144
12.6974	9144	9175
12.7192	9175	9206
12.7204	9206	9237
12.7214	9237	9268
12.7432	9268	9298
12.7444	9298	9328
12.7454	9328	9358
12.7672	9358	9388
12.7684	9388	9418
12.7694	9418	9448
12.7912	9448	9478
12.7924	9478	9508
12.7934	9508	9538
12.8152	9538	9568
12.8164	9568	9598
12.8174	9598	9627
12.8392	9627	9656
12.8404	9656	9685
12.8414	9685	9714
12.8632	9714	9743
12.8644	9743	9772
12.8654	9772	9801
12.8872	9801	9830
12.8884	9830	9859
12.8894	9859	9888
12.9112	9888	9917
12.9124	9917	9945
12.9134	9945	9973
12.9352	9973	10001
12.9374	10001	536
12.944	536	1072
12.944	1072	1340
12.9592	1340	1554
12.9665	1554	1738
12.9735	1738	1903
12.9832	1903	2053
12.9899	2053	2192
12.9908	2192	2323
13.0072	2323	2446
13.0084	2446	2563
13.0143	2563	2675
13.0312	2675	2782
13.0383	2782	536
13.0449	536	1072
13.0449	1072	1340
13.0552	1340	1554
13.0625	1554	1738
13.0695	1738	1903
13.0792	1903	2053
13.0859	2053	2192
13.0868	2192	2323
13.1032	2323	2446
13.1044	2446	2563
13.1103	2563	2675
13.1272	2675	2782
13.1284	2782	2885
13.1343	2885	2984
13.1512	2984	3080
13.1524	3080	3173
13.1758	3173	2464
13.1764	2464	1928
13.1813	1928	1072
13.1817	1072	856
13.1825	856	536
13.1891	536	1072
13.1891	1072	1340
13.1992	1340	1554
13.2065	1554	1738
13.2135	1738	1903
13.2232	1903	2053
13.2299	2053	2192
13.2308	2192	2323
13.2472	2323	2446
13.2484	2446	2563
13.2543	2563	2675
13.2712	2675	2782
13.2724	2782	2885
13.2783	2885	2984
13.2952	2984	3080
13.2964	3080	3173
13.3017	3173	3263
13.3192	3263	3351
13.3204	3351	3436
13.3214	3436	3519
13.3432	3519	3600
13.3444	3600	3679
13.3454	3679	3757
13.3672	3757	3833
13.3684	3833	3907
13.3694	3907	3980
13.3912	3980	4052
13.3924	4052	4122
13.3934	4122	4191
13.4152	4191	4259
13.4164	4259	4326
13.4174	4326	4392
13.4392	4392	4457
13.4404	4457	4521
13.4414	4521	4584
13.4632	4584	4646
13.4644	4646	4707
13.4654	4707	4768
13.4872	4768	4828
13.4884	4828	4887
13.4894	4887	4945
13.5112	4945	5003
13.5124	5003	5060
13.5134	5060	5116
13.5352	5116	5172
13.5364	5172	5227
13.5374	5227	5281
13.5592	5281	5335
13.5604	5335	5388
13.5614	5388	5441
13.5832	5441	5493
13.5844	5493	5545
13.5854	5545	5596
13.6072	5596	5647
13.6084	5647	5697
13.6094	5697	5747
13.6312	5747	5796
13.6324	5796	5845
13.6334	5845	5894
13.6552	5894	5942
13.6564	5942	5990
13.6574	5990	6037
13.6792	6037	6084
13.6804	6084	6131
13.6814	6131	6177
13.7032	6177	6223
13.7044	6223	6269
13.7054	6269	6314
13.7272	6314	6359
13.7284	6359	6404
13.7294	6404	6448
13.7512	6448	6492
13.7524	6492	6536
13.7534	6536	6579
13.7752	6579	6622
13.7764	6622	6665
13.7774	6665	6708
13.7992	6708	6750
13.8004	6750	6792
13.8014	6792	6834
13.8232	6834	6876
13.8244	6876	6917
13.8254	6917	6958
13.8472	6958	6999
13.8707	6999	3000
13.8712	3000	2464
13.8718	2464	1928
13.8724	1928	1458
13.873	1458	1232
13.8773	1232	1176
13.8837	1176	1232
13.8952	1232	1465
13.9025	1465	1661
13.9095	1661	1833
13.9192	1833	1989
13.9259	1989	2133
13.9268	2133	2267
13.9432	2267	2393
13.9444	2393	2513
13.9503	2513	2627
13.9672	2627	2736
13.9684	2736	2841
13.9743	2841	2942
13.9912	2942	3039
13.9924	3039	3133
13.9977	3133	3224
14.017	3224	856
14.0237	856	1072
14.0237	1072	1340
14.0392	1340	1554
14.0465	1554	1738
14.0535	1738	1903
14.0632	1903	2053
14.0699	2053	2192
14.0708	2192	2323
14.0872	2323	2446
14.0884	2446	2563
14.0943	2563	2675
14.1112	2675	2782
14.1124	2782	2885
14.1183	2885	2984
14.1352	2984	3080
14.1364	3080	3173
14.1417	3173	3263
14.1592	3263	3351
14.1604	3351	3436
14.1614	3436	3519
14.1832	3519	3600
14.1844	3600	3679
14.1854	3679	3757
14.2072	3757	3833
14.2084	3833	3907
14.2094	3907	3980
14.2312	3980	4052
14.2324	4052	4122
14.2334	4122	4191
14.2552	4191	4259
14.2564	4259	4326
14.2574	4326	4392
14.2792	4392	4457
14.2804	4457	4521
14.2814	4521	4584
14.3032	4584	4646
14.3044	4646	4707
14.3054	4707	4768
14.3272	4768	4828
14.3284	4828	4887
14.3294	4887	4945
14.3512	4945	5003
14.3524	5003	5060
14.3534	5060	5116
14.3752	5116	5172
14.3764	5172	5227
14.3774	5227	5281
14.3992	5281	5335
14.4004	5335	5388
14.4014	5388	5441
14.4232	5441	5493
14.4244	5493	5545
14.4254	5545	5596
14.4472	5596	5647
14.4484	5647	5697
14.4494	5697	5747
14.4712	5747	5796
14.4724	5796	5845
14.4734	5845	5894
14.4952	5894	5942
14.4964	5942	5990
14.4974	5990	6037
14.5192	6037	6084
14.5204	6084	6131
14.5214	6131	6177
14.5432	6177	6223
14.5444	6223	6269
14.5454	6269	6314
14.5672	6314	6359
14.5684	6359	6404
14.5694	6404	6448
14.5912	6448	6492
14.5924	6492	6536
14.5934	6536	6579
14.6152	6579	6622
14.6164	6622	6665
14.6174	6665	6708
14.6392	6708	6750
14.6404	6750	6792
14.6414	6792	6834
14.6632	6834	6876
14.6644	6876	6917
14.6654	6917	6958
14.6872	6958	6999
14.6884	6999	7040
14.6894	7040	7080
14.7112	7080	7120
14.7124	7120	7160
14.7134	7160	7200
14.7352	7200	7239
14.7364	7239	7278
14.7374	7278	7317
14.7592	7317	7356
14.7604	7356	7395
14.7614	7395	7433
14.7832	7433	7471
14.7844	7471	7509
14.7854	7509	7547
14.8072	7547	7585
14.8084	7585	7622
14.8094	7622	7659
14.8312	7659	7696
14.8324	7696	7733
14.8334	7733	7770
14.8552	7770	7806
14.8564	7806	7842
14.8574	7842	7878
14.8792	7878	7914
14.8804	7914	7950
14.8814	7950	7986
14.9032	7986	8021
14.9044	8021	8056
14.9054	8056	8091
14.9272	8091	8126
14.9284	8126	8161
14.9294	8161	8196
14.9512	8196	8231
14.9524	8231	8265
14.9534	8265	8299
14.9752	8299	8333
14.9764	8333	8367
14.9774	8367	8401
14.9992	8401	8435
15.0227	8435	3000
15.0232	3000	2464
15.0238	2464	1928
15.0244	1928	1458
15.025	1458	1232
15.0254	1232	1176
15.0293	1176	1232
15.0293	1232	1465
15.0472	1465	1661
15.0545	1661	1833
15.0609	1833	1989
15.0712	1989	2133
15.0779	2133	2267
15.0788	2267	2393
15.0952	2393	2513
15.0964	2513	2627
15.1023	2627	2736
15.1192	2736	2841
15.1204	2841	2942
15.1257	2942	3039
15.1432	3039	3133
15.1444	3133	3224
15.1454	3224	3313
15.1672	3313	3399
15.1684	3399	3483
15.1694	3483	3565
15.1912	3565	3645
15.1924	3645	3723
15.1934	3723	3800
15.2152	3800	3875
15.2164	3875	3949
15.2174	3949	4021
15.2392	4021	4092
15.2404	4092	4162
15.2414	4162	4231
15.2632	4231	4298
15.2644	4298	4364
15.2654	4364	4429
15.2872	4429	4493
15.2884	4493	4556
15.2894	4556	4619
15.3112	4619	4681
15.3124	4681	4742
15.3134	4742	4802
15.3352	4802	4861
15.3364	4861	4920
15.3374	4920	4978
15.3592	4978	5035
15.3604	5035	5092
15.3614	5092	5148
15.3832	5148	5203
15.3844	5203	5258
15.3854	5258	5312
15.4072	5312	5366
15.4084	5366	5419
15.4312	5419	2464
15.4318	2464	1928
15.4324	1928	1392
15.433	1392	1072
15.4334	1072	856
15.4379	856	1072
15.4379	1072	1340
15.4552	1340	1554
15.4625	1554	1738
15.4695	1738	1903
15.4792	1903	2053
15.4859	2053	2192
15.4868	2192	2323
15.5032	2323	2446
15.5044	2446	2563
15.5103	2563	2675
15.5272	2675	2782
15.5284	2782	2885
15.5343	2885	2984
15.5512	2984	3080
15.5524	3080	3173
15.5577	3173	3263
15.5752	3263	3351
15.5764	3351	3436
15.5774	3436	3519
15.5992	3519	3600
15.6004	3600	3679
15.6014	3679	3757
15.6232	3757	3833
15.6244	3833	3907
15.6254	3907	3980
15.6472	3980	4052
15.6484	4052	4122
15.6494	4122	4191
15.6712	4191	4259
15.6724	4259	4326
15.6734	4326	4392
15.6952	4392	4457
15.6964	4457	4521
15.6974	4521	4584
15.7192	4584	4646
15.7204	4646	4707
15.7214	4707	4768
15.7432	4768	4828
15.7444	4828	4887
15.7454	4887	4945
15.7672	4945	5003
15.7684	5003	5060
15.7694	5060	5116
15.7912	5116	5172
15.7924	5172	5227
15.7934	5227	5281
15.8152	5281	5335
15.8164	5335	5388
15.8174	5388	5441
15.8392	5441	5493
15.8404	5493	5545
15.8414	5545	5596
15.8632	5596	5647
15.8644	5647	5697
15.8654	5697	5747
15.8872	5747	5796
15.8884	5796	5845
15.8894	5845	5894
15.9112	5894	5942
15.9124	5942	5990
15.9134	5990	6037
15.9352	6037	6084
15.9364	6084	6131
15.9374	6131	6177
15.9592	6177	6223
15.9604	6223	6269
15.9614	6269	6314
15.9832	6314	6359
15.9844	6359	6404
15.9854	6404	6448
16.0072	6448	6492
16.0084	6492	6536
16.0094	6536	6579
16.0312	6579	6622
16.0324	6622	6665
16.0334	6665	6708
16.0552	6708	6750
16.0564	6750	6792
16.0574	6792	6834
16.0792	6834	6876
16.0804	6876	6917
16.0814	6917	6958
16.1032	6958	6999
16.1044	6999	7040
16.1054	7040	7080
16.1272	7080	7120
16.1284	7120	7160
16.1294	7160	7200
16.1512	7200	7239
16.1524	7239	7278
16.1534	7278	7317
16.1752	7317	7356
16.1764	7356	7395
16.1774	7395	7433
16.1992	7433	7471
16.2004	7471	7509
16.2014	7509	7547
16.2232	7547	7585
16.2244	7585	7622
16.2254	7622	7659
16.2472	7659	7696
16.2484	7696	7733
16.2494	7733	7770
16.2712	7770	7806
16.2947	7806	3000
16.2952	3000	2464
16.2958	2464	1928
16.2964	1928	1458
16.297	1458	1232
16.2974	1232	1176
16.3013	1176	1232
16.3013	1232	1465
16.3192	1465	1661
16.3265	1661	1833
16.3329	1833	1989
16.3432	1989	2133
16.3499	2133	2267
16.3508	2267	2393
16.3672	2393	2513
16.3684	2513	2627
16.3743	2627	2736
16.3912	2736	2841
16.3924	2841	2942
16.3977	2942	3039
16.4152	3039	3133
16.4164	3133	3224
16.4174	3224	3313
16.4392	3313	3399
16.4404	3399	3483
16.4414	3483	3565
16.4632	3565	3645
16.4644	3645	3723
16.4654	3723	3800
16.4872	3800	3875
16.4884	3875	3949
16.4894	3949	4021
16.5112	4021	4092
16.5124	4092	4162
16.5134	4162	4231
16.5352	4231	4298
16.5364	4298	4364
16.5374	4364	4429
16.5592	4429	4493
16.5604	4493	4556
16.5614	4556	4619
16.5832	4619	4681
16.5844	4681	4742
16.5854	4742	4802
16.6072	4802	4861
16.6084	4861	4920
16.6094	4920	4978
16.6312	4978	5035
16.6324	5035	5092
16.6334	5092	5148
16.6552	5148	5203
16.6564	5203	5258
16.6574	5258	5312
16.681	5312	856
16.6877	856	1072
16.6877	1072	1340
16.7032	1340	1554
16.7105	1554	1738
16.7175	1738	1903
16.7272	1903	2053
16.7339	2053	2192
16.7348	2192	2323
16.7512	2323	2446
16.7524	2446	2563
16.7583	2563	2675
16.7752	2675	2782
16.7764	2782	2885
16.7823	2885	2984
16.7992	2984	3080
16.8004	3080	3173
16.8057	3173	3263
16.8232	3263	3351
16.8244	3351	3436
16.8254	3436	3519
16.8472	3519	3600
16.8484	3600	3679
16.8494	3679	3757
16.8712	3757	3833
16.8724	3833	3907
16.8734	3907	3980
16.8952	3980	4052
16.8964	4052	4122
16.8974	4122	4191
16.9192	4191	4259
16.9204	4259	4326
16.9214	4326	4392
16.9432	4392	4457
16.9444	4457	4521
16.9454	4521	4584
16.9672	4584	4646
16.9684	4646	4707
16.9694	4707	4768
16.9912	4768	4828
16.9924	4828	4887
16.9934	4887	4945
17.0152	4945	5003
17.0164	5003	5060
17.0174	5060	5116
17.0392	5116	5172
17.0404	5172	5227
17.0414	5227	5281
17.0632	5281	5335
17.0644	5335	5388
17.0654	5388	5441
17.0872	5441	5493
17.0884	5493	5545
17.0894	5545	5596
17.1112	5596	5647
17.1124	5647	5697
17.1134	5697	5747
17.1352	5747	5796
17.1364	5796	5845
17.1374	5845	5894
17.1592	5894	5942
17.1604	5942	5990
17.1614	5990	6037
17.1832	6037	6084
17.1844	6084	6131
17.1854	6131	6177
17.2072	6177	6223
17.2084	6223	6269
17.2094	6269	6314
17.2312	6314	6359
17.2324	6359	6404
17.2334	6404	6448
17.2552	6448	6492
17.2564	6492	6536
17.2574	6536	6579
17.2792	6579	6622
17.2804	6622	6665
17.2814	6665	6708
17.3032	6708	6750
17.3044	6750	6792
17.3054	6792	6834
17.3272	6834	6876
17.3284	6876	6917
17.3294	6917	6958
17.3512	6958	6999
17.3524	6999	7040
17.3534	7040	7080
17.3752	7080	7120
17.3774	7120	536
17.384	536	1072
17.384	1072	1340
17.3992	1340	1554
17.4065	1554	1738
17.4135	1738	1903
17.4232	1903	2053
17.4299	2053	2192
17.4308	2192	2323
17.4472	2323	2446
17.4484	2446	2563
17.4543	2563	2675
17.4712	2675	2782
17.4724	2782	2885
17.4783	2885	2984
17.497	2984	856
17.5037	856	1072
17.5037	1072	1340
17.7186	1340	1554
17.7386	1554	536
17.7452	536	1072
17.7452	1072	1340
17.7525	1340	1554
17.7597	1554	1738
17.7669	1738	1903
17.7736	1903	2053
17.7802	2053	2192
17.7869	2192	2323
17.7881	2323	2446
17.7941	2446	2563
17.7953	2563	2675
17.8013	2675	2782
17.8025	2782	2885
17.8086	2885	2984
17.8098	2984	3080
17.8152	3080	3173
17.8164	3173	3263
17.8219	3263	3351
17.823	3351	3436
17.8242	3436	3519
17.8291	3519	3600
17.8303	3600	3679
17.8315	3679	3757
17.8363	3757	3833
17.8375	3833	3907
17.8387	3907	3980
17.843	3980	4052
17.8442	4052	4122
17.8453	4122	4191
17.8496	4191	4259
17.8508	4259	4326
17.852	4326	4392
17.8563	4392	4457
17.8574	4457	4521
17.8586	4521	4584
17.8598	4584	4646
17.8635	4646	4707
17.8647	4707	4768
17.8659	4768	4828
17.867	4828	4887
17.8707	4887	4945
17.8786	4945	5003
17.8798	5003	5060
17.881	5060	5116
17.9026	5116	5172
17.9038	5172	5227
17.905	5227	5281
17.9266	5281	5335
17.9278	5335	5388
17.929	5388	5441
17.9506	5441	5493
17.9518	5493	5545
17.953	5545	5596
17.9746	5596	5647
17.9758	5647	5697
17.977	5697	5747
17.9986	5747	5796
17.9998	5796	5845
18.001	5845	5894
18.0226	5894	5942
18.0238	5942	5990
18.025	5990	6037
18.0466	6037	6084
18.0478	6084	6131
18.049	6131	6177
18.0706	6177	6223
18.0718	6223	6269
18.073	6269	6314
18.0946	6314	6359
18.0958	6359	6404
18.097	6404	6448
18.1186	6448	6492
18.1198	6492	6536
18.121	6536	6579
18.1426	6579	6622
18.1438	6622	6665
18.145	6665	6708
18.1666	6708	6750
18.1678	6750	6792
18.169	6792	6834
18.1906	6834	6876
18.1918	6876	6917
18.193	6917	6958
18.2146	6958	6999
18.2158	6999	7040
18.217	7040	7080
18.2386	7080	7120
18.2398	7120	7160
18.241	7160	7200
18.2626	7200	7239
18.2638	7239	7278
18.265	7278	7317
18.2866	7317	7356
18.2878	7356	7395
18.289	7395	7433
18.3106	7433	7471
18.3118	7471	7509
18.313	7509	7547
18.3346	7547	7585
18.3358	7585	7622
18.337	7622	7659
18.3586	7659	7696
18.3598	7696	7733
18.361	7733	7770
18.3826	7770	7806
18.3838	7806	7842
18.385	7842	7878
18.4066	7878	7914
18.4078	7914	7950
18.409	7950	7986
18.4306	7986	8021
18.4318	8021	8056
18.433	8056	8091
18.4546	8091	8126
18.4558	8126	8161
18.457	8161	8196
18.4786	8196	8231
18.4798	8231	8265
18.481	8265	8299
18.5026	8299	8333
18.5038	8333	8367
18.505	8367	8401
18.5266	8401	8435
18.5278	8435	8469
18.529	8469	8502
18.5506	8502	8535
18.5518	8535	8568
18.553	8568	8601
18.5746	8601	8634
18.5758	8634	8667
18.577	8667	8700
18.6004	8700	1392
18.601	1392	1072
18.6014	1072	856
18.6071	856	1072
18.6071	1072	1340
18.6232	1340	1554
18.6305	1554	1738
18.6375	1738	1903
18.6472	1903	2053
18.6539	2053	2192
18.6548	2192	2323
18.6712	2323	2446
18.6724	2446	2563
18.6783	2563	2675
18.6952	2675	2782
18.6964	2782	2885
18.7023	2885	2984
18.7192	2984	3080
18.7204	3080	3173
18.7257	3173	3263
18.7432	3263	3351
18.7444	3351	3436
18.7454	3436	3519
18.7672	3519	3600
18.7684	3600	3679
18.7694	3679	3757
18.7912	3757	3833
18.7924	3833	3907
18.7934	3907	3980
18.8152	3980	4052
18.8164	4052	4122
18.8174	4122	4191
18.8392	4191	4259
18.8404	4259	4326
18.8414	4326	4392
18.8632	4392	4457
18.8644	4457	4521
18.8654	4521	4584
18.8872	4584	4646
18.8884	4646	4707
18.8894	4707	4768
18.9112	4768	4828
18.9124	4828	4887
18.9134	4887	4945
18.9352	4945	5003
18.9364	5003	5060
18.9374	5060	5116
18.9592	5116	5172
18.9604	5172	5227
18.9614	5227	5281
18.9832	5281	5335
18.9844	5335	5388
18.9854	5388	5441
19.0072	5441	5493
19.0084	5493	5545
19.0094	5545	5596
19.0312	5596	5647
19.0324	5647	5697
19.0334	5697	5747
19.0552	5747	5796
19.0564	5796	5845
19.0574	5845	5894
19.0792	5894	5942
19.0804	5942	5990
19.0814	5990	6037
19.1032	6037	6084
19.1044	6084	6131
19.1054	6131	6177
19.1272	6177	6223
19.1284	6223	6269
19.1294	6269	6314
19.1512	6314	6359
19.1524	6359	6404
19.1534	6404	6448
19.1752	6448	6492
19.1764	6492	6536
19.1774	6536	6579
19.1992	6579	6622
19.2004	6622	6665
19.2014	6665	6708
19.2232	6708	6750
19.2244	6750	6792
19.2254	6792	6834
19.2472	6834	6876
19.2484	6876	6917
19.2494	6917	6958
19.2712	6958	6999
19.2724	6999	7040
19.2734	7040	7080
19.2952	7080	7120
19.2964	7120	7160
19.2974	7160	7200
19.3192	7200	7239
19.3204	7239	7278
19.3214	7278	7317
19.3432	7317	7356
19.3444	7356	7395
19.3454	7395	7433
19.3672	7433	7471
19.3684	7471	7509
19.3694	7509	7547
19.3912	7547	7585
19.3924	7585	7622
19.3934	7622	7659
19.4152	7659	7696
19.4164	7696	7733
19.4174	7733	7770
19.4392	7770	7806
19.4404	7806	7842
19.4414	7842	7878
19.4632	7878	7914
19.4644	7914	7950
19.4654	7950	7986
19.4872	7986	8021
19.4884	8021	8056
19.4894	8056	8091
19.5112	8091	8126
19.5124	8126	8161
19.5134	8161	8196
19.5352	8196	8231
19.5364	8231	8265
19.5374	8265	8299
19.5592	8299	8333
19.5604	8333	8367
19.5614	8367	8401
19.5832	8401	8435
19.5844	8435	8469
19.5854	8469	8502
19.6072	8502	8535
19.6084	8535	8568
19.6094	8568	8601
19.6312	8601	8634
19.6324	8634	8667
19.6334	8667	8700
19.6552	8700	8733
19.6564	8733	8765
19.6574	8765	8797
19.6792	8797	8829
19.6804	8829	8861
19.6814	8861	8893
19.7032	8893	8925
19.7044	8925	8957
19.7054	8957	8989
19.7272	8989	9020
19.7284	9020	9051
19.7294	9051	9082
19.7512	9082	9113
19.7524	9113	9144
19.7534	9144	9175
19.7752	9175	9206
19.7764	9206	9237
19.7774	9237	9268
19.7992	9268	9298
19.8004	9298	9328
19.8014	9328	9358
19.8232	9358	9388
19.8244	9388	9418
19.8254	9418	9448
19.8472	9448	9478
19.8484	9478	9508
19.8494	9508	9538
19.8712	9538	9568
19.8724	9568	9598
19.8734	9598	9627
19.8952	9627	9656
19.8964	9656	9685
19.8974	9685	9714
19.9192	9714	9743
19.9204	9743	9772
19.9214	9772	9801
19.9432	9801	9830
19.9444	9830	9859
19.9454	9859	9888
19.9672	9888	9917
19.9684	9917	9945
19.9694	9945	9973
19.9912	9973	10001
19.9924	10001	10029
19.9934	10029	10057
20.0152	10057	10085
20.0164	10085	10113
20.0174	10113	10141
20.0392	10141	10169
20.0404	10169	10197
20.0414	10197	10225
20.0632	10225	10253
20.0644	10253	10281
20.0654	10281	10308
20.0872	10308	10335
20.0884	10335	10362
20.0894	10362	10389
20.1112	10389	10416
20.1124	10416	10443
20.1352	10443	2464
20.1358	2464	1928
20.1364	1928	1392
20.137	1392	1072
20.1374	1072	856
20.1419	856	1072
20.1419	1072	1340
20.1592	1340	1554
20.1665	1554	1738
20.1735	1738	1903
20.1832	1903	2053
20.1899	2053	2192
20.1908	2192	2323
20.2072	2323	2446
20.2084	2446	2563
20.2143	2563	2675
20.2312	2675	2782
20.2324	2782	2885
20.2383	2885	2984
20.2552	2984	3080
20.2564	3080	3173
20.2617	3173	3263
20.2792	3263	3351
20.2804	3351	3436
20.2814	3436	3519
20.3032	3519	3600
20.3044	3600	3679
20.3054	3679	3757
20.3272	3757	3833
20.3284	3833	3907
20.3294	3907	3980
20.3512	3980	4052
20.3524	4052	4122
20.3534	4122	4191
20.3752	4191	4259
20.3764	4259	4326
20.3774	4326	4392
20.3992	4392	4457
20.4004	4457	4521
20.4014	4521	4584
20.4232	4584	4646
20.4244	4646	4707
20.4254	4707	4768
20.4472	4768	4828
20.4484	4828	4887
20.4494	4887	4945
20.4712	4945	5003
20.4724	5003	5060
20.4734	5060	5116
20.4952	5116	5172
20.4964	5172	5227
20.4974	5227	5281
20.5192	5281	5335
20.5204	5335	5388
20.5214	5388	5441
20.5432	5441	5493
20.5444	5493	5545
20.5454	5545	5596
20.5672	5596	5647
20.5684	5647	5697
20.5694	5697	5747
20.5912	5747	5796
20.5924	5796	5845
20.5934	5845	5894
20.6152	5894	5942
20.6164	5942	5990
20.6174	5990	6037
20.6392	6037	6084
20.6404	6084	6131
20.6414	6131	6177
20.6632	6177	6223
20.6644	6223	6269
20.6654	6269	6314
20.6872	6314	6359
20.6884	6359	6404
20.6894	6404	6448
20.7112	6448	6492
20.7124	6492	6536
20.7134	6536	6579
20.7352	6579	6622
20.7364	6622	6665
20.7374	6665	6708
20.7592	6708	6750
20.7604	6750	6792
20.7614	6792	6834
20.7832	6834	6876
20.7844	6876	6917
20.7854	6917	6958
20.8072	6958	6999
20.8084	6999	7040
20.8094	7040	7080
20.8312	7080	7120
20.8324	7120	7160
20.8334	7160	7200
20.8552	7200	7239
20.8564	7239	7278
20.8574	7278	7317
20.8792	7317	7356
20.8804	7356	7395
20.8814	7395	7433
20.9032	7433	7471
20.9044	7471	7509
20.9054	7509	7547
20.9272	7547	7585
20.9284	7585	7622
20.9294	7622	7659
20.9512	7659	7696
20.9524	7696	7733
20.9534	7733	7770
20.9752	7770	7806
20.9764	7806	7842
20.9774	7842	7878
20.9992	7878	7914
21.0004	7914	7950
21.0014	7950	7986
21.0232	7986	8021
21.0244	8021	8056
21.0254	8056	8091
21.0472	8091	8126
21.0484	8126	8161
21.0494	8161	8196
21.0712	8196	8231
21.0724	8231	8265
21.0734	8265	8299
21.0952	8299	8333
21.0964	8333	8367
21.0974	8367	8401
21.1192	8401	8435
21.1204	8435	8469
21.1214	8469	8502
21.1432	8502	8535
21.1444	8535	8568
21.1454	8568	8601
21.1672	8601	8634
21.1684	8634	8667
21.1694	8667	8700
21.1912	8700	8733
21.1924	8733	8765
21.1934	8765	8797
21.2152	8797	8829
21.2164	8829	8861
21.2174	8861	8893
21.2392	8893	8925
21.2404	8925	8957
21.2414	8957	8989
21.2632	8989	9020
21.2644	9020	9051
21.2654	9051	9082
21.2872	9082	9113
21.2884	9113	9144
21.2894	9144	9175
21.3112	9175	9206
21.3124	9206	9237
21.3134	9237	9268
21.3352	9268	9298
21.3364	9298	9328
21.3374	9328	9358
21.3592	9358	9388
21.3604	9388	9418
21.3614	9418	9448
21.3832	9448	9478
21.3844	9478	9508
21.3854	9508	9538
21.4072	9538	9568
21.4084	9568	9598
21.4094	9598	9627
21.4312	9627	9656
21.4324	9656	9685
21.4334	9685	9714
21.4552	9714	9743
21.4564	9743	9772
21.4574	9772	9801
21.4792	9801	9830
21.4804	9830	9859
21.4814	9859	9888
21.5032	9888	9917
21.5044	9917	9945
21.5054	9945	9973
21.5272	9973	10001
21.5284	10001	10029
21.5294	10029	10057
21.5512	10057	10085
21.5524	10085	10113
21.5534	10113	10141
21.5752	10141	10169
21.5764	10169	10197
21.5774	10197	10225
21.5992	10225	10253
21.6004	10253	10281
21.6014	10281	10308
21.6232	10308	10335
21.6244	10335	10362
21.6254	10362	10389
21.6472	10389	10416
21.6484	10416	10443
21.6494	10443	10470
21.6712	10470	10497
21.6724	10497	10524
21.6734	10524	10551
21.6952	10551	10578
21.6964	10578	10605
21.6974	10605	10632
21.7192	10632	10659
21.7204	10659	10685
21.7214	10685	10711
21.7432	10711	10737
21.7444	10737	10763
21.7454	10763	10789
21.7672	10789	10815
21.7684	10815	10841
21.7694	10841	10867
21.7912	10867	10893
21.7924	10893	10919
21.7934	10919	10945
21.8152	10945	10971
21.8164	10971	10997
21.8174	10997	11023
21.8392	11023	11049
21.8404	11049	11075
21.8414	11075	11100
21.8632	11100	11125
21.8644	11125	11150
21.8654	11150	11175
21.8872	11175	11200
21.8884	11200	11225
21.8894	11225	11250
21.9112	11250	11275
21.9124	11275	11300
21.9134	11300	11325
21.9352	11325	11350
21.9364	11350	11375
21.9374	11375	11400
21.9592	11400	11425
21.9604	11425	11450
21.9614	11450	11475
21.9832	11475	11500
21.9844	11500	11524
21.9854	11524	11548
22.0072	11548	11572
22.0084	11572	11596
22.0094	11596	11620
22.0312	11620	11644
22.0324	11644	11668
22.0334	11668	11692
22.0552	11692	11716
22.0564	11716	11740
22.0574	11740	11764
22.0792	11764	11788
22.0804	11788	11812
22.0814	11812	11836
22.1032	11836	11860
22.1044	11860	11884
22.1054	11884	11908
22.1272	11908	11932
22.1284	11932	11956
22.1294	11956	11980
22.1512	11980	12003
22.1524	12003	12026
22.1534	12026	12049
22.1752	12049	12072
22.1764	12072	12095
22.1774	12095	12118
22.1992	12118	12141
22.2004	12141	12164
22.2014	12164	12187
22.2232	12187	12210
22.2244	12210	12233
22.2254	12233	12256
22.2472	12256	12279
22.2484	12279	12302
22.2494	12302	12325
22.2712	12325	12348
22.2724	12348	12371
22.2734	12371	12394
22.2952	12394	12417
22.2964	12417	12440
22.2974	12440	12463
22.3192	12463	12486
22.3204	12486	12509
22.3214	12509	12531
22.3432	12531	12553
22.3444	12553	12575
22.3454	12575	12597
22.3672	12597	12619
22.3684	12619	12641
22.3694	12641	12663
22.3912	12663	12685
22.3924	12685	12707
22.3934	12707	12729
22.4152	12729	12751
22.4387	12751	3000
22.4392	3000	2464
22.4398	2464	1928
22.4404	1928	1458
22.441	1458	1232
22.4414	1232	1176
22.4453	1176	1232
22.4453	1232	1465
22.4632	1465	1661
22.4705	1661	1833
22.4769	1833	1989
22.4872	1989	2133
22.4939	2133	2267
22.4948	2267	2393
22.5112	2393	2513
22.5124	2513	2627
22.5183	2627	2736
22.5352	2736	2841
22.5364	2841	2942
22.5417	2942	3039
22.5592	3039	3133
22.5604	3133	3224
22.5614	3224	3313
22.5832	3313	3399
22.5844	3399	3483
22.5854	3483	3565
22.6072	3565	3645
22.6084	3645	3723
22.6094	3723	3800
22.6312	3800	3875
22.6324	3875	3949
22.6334	3949	4021
22.6552	4021	4092
22.6564	4092	4162
22.6574	4162	4231
22.6792	4231	4298
22.6814	4298	536
22.688	536	1072
22.688	1072	1340
22.7032	1340	1554
22.7105	1554	1738
22.7175	1738	1903
22.7272	1903	2053
22.7339	2053	2192
22.7348	2192	2323
22.7512	2323	2446
22.7524	2446	2563
22.7583	2563	2675
22.7752	2675	2782
22.7764	2782	2885
22.7823	2885	2984
22.7992	2984	3080
22.8004	3080	3173
22.8057	3173	3263
22.8232	3263	3351
22.8244	3351	3436
22.8254	3436	3519
22.8472	3519	3600
22.8484	3600	3679
22.8494	3679	3757
22.8712	3757	3833
22.8724	3833	3907
22.8734	3907	3980
22.8952	3980	4052
22.8964	4052	4122
22.8974	4122	4191
22.9192	4191	4259
22.9204	4259	4326
22.9214	4326	4392
22.9432	4392	4457
22.9444	4457	4521
22.9454	4521	4584
22.9672	4584	4646
22.9684	4646	4707
22.9694	4707	4768
22.9912	4768	4828
22.9924	4828	4887
22.9934	4887	4945
23.0152	4945	5003
23.0164	5003	5060
23.0174	5060	5116
23.0392	5116	5172
23.0404	5172	5227
23.0414	5227	5281
23.0632	5281	5335
23.0644	5335	5388
23.0654	5388	5441
23.0872	5441	5493
23.0884	5493	5545
23.0894	5545	5596
23.1112	5596	5647
23.1124	5647	5697
23.1134	5697	5747
23.1352	5747	5796
23.1364	5796	5845
23.1374	5845	5894
23.1592	5894	5942
23.1604	5942	5990
23.1614	5990	6037
23.1832	6037	6084
23.1844	6084	6131
23.1854	6131	6177
23.2072	6177	6223
23.2084	6223	6269
23.2094	6269	6314
23.2312	6314	6359
23.2324	6359	6404
23.2334	6404	6448
23.2552	6448	6492
23.2564	6492	6536
23.2574	6536	6579
23.2792	6579	6622
23.2804	6622	6665
23.2814	6665	6708
23.3032	6708	6750
23.3044	6750	6792
23.3054	6792	6834
23.3272	6834	6876
23.3284	6876	6917
23.3294	6917	6958
23.3512	6958	6999
23.3524	6999	7040
23.3534	7040	7080
23.3752	7080	7120
23.3764	7120	7160
23.3774	7160	7200
23.3992	7200	7239
23.4004	7239	7278
23.4014	7278	7317
23.4232	7317	7356
23.4244	7356	7395
23.4254	7395	7433
23.4472	7433	7471
23.4484	7471	7509
23.4494	7509	7547
23.4712	7547	7585
23.4724	7585	7622
23.4734	7622	7659
23.4952	7659	7696
23.4964	7696	7733
23.4974	7733	7770
23.5192	7770	7806
23.5204	7806	7842
23.5214	7842	7878
23.5432	7878	7914
23.5444	7914	7950
23.5454	7950	7986
23.5672	7986	8021
23.5684	8021	8056
23.5694	8056	8091
23.5912	8091	8126
23.5924	8126	8161
23.5934	8161	8196
23.6152	8196	8231
23.6164	8231	8265
23.6174	8265	8299
23.6392	8299	8333
23.6404	8333	8367
23.6414	8367	8401
23.6632	8401	8435
23.6644	8435	8469
23.6654	8469	8502
23.6872	8502	8535
23.6884	8535	8568
23.6894	8568	8601
23.7112	8601	8634
23.7124	8634	8667
23.7134	8667	8700
23.7352	8700	8733
23.7364	8733	8765
23.7374	8765	8797
23.7592	8797	8829
23.7604	8829	8861
23.7614	8861	8893
23.7832	8893	8925
23.7844	8925	8957
23.7854	8957	8989
23.8072	8989	9020
23.8084	9020	9051
23.8094	9051	9082
23.8312	9082	9113
23.8324	9113	9144
23.8334	9144	9175
23.8552	9175	9206
23.8564	9206	9237
23.8574	9237	9268
23.8792	9268	9298
23.8804	9298	9328
23.8814	9328	9358
23.9032	9358	9388
23.9044	9388	9418
23.9054	9418	9448
23.9272	9448	9478
23.9284	9478	9508
23.9294	9508	9538
23.9512	9538	9568
23.9524	9568	9598
23.9534	9598	9627
23.9752	9627	9656
23.9764	9656	9685
23.9774	9685	9714
23.9992	9714	9743
24.0004	9743	9772
24.0014	9772	9801
24.0232	9801	9830
24.0244	9830	9859
24.0254	9859	9888
24.0472	9888	9917
24.0484	9917	9945
24.0494	9945	9973
24.0712	9973	10001
24.0724	10001	10029
24.0734	10029	10057
24.0952	10057	10085
24.0964	10085	10113
24.0974	10113	10141
24.1192	10141	10169
24.1204	10169	10197
24.1214	10197	10225
24.1432	10225	10253
24.1444	10253	10281
24.1454	10281	10308
24.1672	10308	10335
24.1684	10335	10362
24.1694	10362	10389
24.1912	10389	10416
24.1924	10416	10443
24.1934	10443	10470
24.2152	10470	10497
24.2164	10497	10524
24.2174	10524	10551
24.2392	10551	10578
24.2404	10578	10605
24.2414	10605	10632
24.2632	10632	10659
24.2644	10659	10685
24.2654	10685	10711
24.2872	10711	10737
24.2884	10737	10763
24.2894	10763	10789
24.3112	10789	10815
24.3124	10815	10841
24.3134	10841	10867
24.3352	10867	10893
24.3364	10893	10919
24.3374	10919	10945
24.3592	10945	10971
24.3604	10971	10997
24.3614	10997	11023
24.3832	11023	11049
24.3844	11049	11075
24.3854	11075	11100
24.4072	11100	11125
24.4084	11125	11150
24.4094	11150	11175
24.4312	11175	11200
24.4324	11200	11225
24.4334	11225	11250
24.4552	11250	11275
24.4564	11275	11300
24.4574	11300	11325
24.4792	11325	11350
24.4804	11350	11375
24.4814	11375	11400
24.5032	11400	11425
24.5044	11425	11450
24.5054	11450	11475
24.5272	11475	11500
24.5284	11500	11524
24.5294	11524	11548
24.5512	11548	11572
24.5524	11572	11596
24.5534	11596	11620
24.5752	11620	11644
24.5764	11644	11668
24.5774	11668	11692
24.5992	11692	11716
24.6004	11716	11740
24.6014	11740	11764
24.6232	11764	11788
24.6244	11788	11812
24.6254	11812	11836
24.6472	11836	11860
24.6484	11860	11884
24.6494	11884	11908
24.6712	11908	11932
24.6724	11932	11956
24.6734	11956	11980
24.6952	11980	12003
24.6964	12003	12026
24.6974	12026	12049
24.7192	12049	12072
24.7204	12072	12095
24.7214	12095	12118
24.7432	12118	12141
24.7444	12141	12164
24.7454	12164	12187
24.7672	12187	12210
24.7684	12210	12233
24.7694	12233	12256
24.7912	12256	12279
24.7924	12279	12302
24.7934	12302	12325
24.8152	12325	12348
24.8164	12348	12371
24.8174	12371	12394
24.8392	12394	12417
24.8404	12417	12440
24.8414	12440	12463
24.8632	12463	12486
24.8644	12486	12509
24.8654	12509	12531
24.8872	12531	12553
24.8884	12553	12575
24.8894	12575	12597
24.9112	12597	12619
24.9124	12619	12641
24.9134	12641	12663
24.9352	12663	12685
24.9364	12685	12707
24.9374	12707	12729
24.9592	12729	12751
24.9604	12751	12773
24.9614	12773	12795
24.9832	12795	12817
24.9844	12817	12839
24.9854	12839	12861
25.0072	12861	12883
25.0084	12883	12905
25.0094	12905	12927
25.0312	12927	12949
25.0324	12949	12971
25.0334	12971	12993
25.0552	12993	13015
25.0564	13015	13037
25.0574	13037	13059
25.0792	13059	13080
25.0804	13080	13101
25.0814	13101	13122
25.1032	13122	13143
25.1044	13143	13164
25.1054	13164	13185
25.1272	13185	13206
25.1284	13206	13227
25.1294	13227	13248
25.1512	13248	13269
25.1524	13269	13290
25.1534	13290	13311
25.1752	13311	13332
25.1764	13332	13353
25.1774	13353	13374
25.1992	13374	13395
25.2004	13395	13416
25.2014	13416	13437
25.2232	13437	13458
25.2244	13458	13479
25.2254	13479	13500
25.2472	13500	13521
25.2484	13521	13542
25.2494	13542	13563
25.2712	13563	13584
25.2724	13584	13605
25.2734	13605	13626
25.2952	13626	13647
25.2964	13647	13668
25.2974	13668	13689
25.3192	13689	13709
25.3204	13709	13729
25.3214	13729	13749
25.3432	13749	13769
25.3444	13769	13789
25.3454	13789	13809
25.3672	13809	13829
25.3684	13829	13849
25.3694	13849	13869
25.3912	13869	13889
25.3924	13889	13909
25.3934	13909	13929
25.4152	13929	13949
25.4164	13949	13969
25.4174	13969	13989
25.4392	13989	14009
25.4404	14009	14029
25.4414	14029	14049
25.4632	14049	14069
25.4644	14069	14089
25.4654	14089	14109
25.4872	14109	14129
25.4884	14129	14149
25.4894	14149	14169
25.5112	14169	14189
25.5124	14189	14209
25.5134	14209	14229
25.5352	14229	14249
25.5364	14249	14269
25.5374	14269	14289
25.5592	14289	14309
25.5604	14309	14329
25.5614	14329	14349
25.5832	14349	14369
25.5844	14369	14388
25.5854	14388	14407
25.6072	14407	14426
25.6084	14426	14445
25.6094	14445	14464
25.6312	14464	14483
25.6324	14483	14502
25.6334	14502	14521
25.6552	14521	14540
25.6564	14540	14559
25.6574	14559	14578
25.6792	14578	14597
25.6804	14597	14616
25.6814	14616	14635
25.7032	14635	14654
25.7044	14654	14673
25.7054	14673	14692
25.7272	14692	14711
25.7284	14711	14730
25.7294	14730	14749
25.7512	14749	14768
25.7524	14768	14787
25.7534	14787	14806
25.7752	14806	14825
25.7764	14825	14844
25.7774	14844	14863
25.7992	14863	14882
25.8004	14882	14901
25.8014	14901	14920
25.8232	14920	14939
25.8244	14939	14958
25.8254	14958	14977
25.8472	14977	14996
25.8484	14996	15015
25.8494	15015	15034
25.8712	15034	15053
25.8724	15053	15072
25.8734	15072	15091
25.8952	15091	15110
25.8964	15110	15129
25.8974	15129	15147
25.9192	15147	15165
25.9204	15165	15183
25.9214	15183	15201
25.9432	15201	15219
25.9444	15219	15237
25.9454	15237	15255
25.9672	15255	15273
25.9684	15273	15291
25.9694	15291	15309
25.9912	15309	15327
25.9924	15327	15345
25.9934	15345	15363
26.0152	15363	15381
26.0164	15381	15399
26.0174	15399	15417
26.0392	15417	15435
26.0404	15435	15453
26.0414	15453	15471
26.0632	15471	15489
26.0644	15489	15507
26.0654	15507	15525
26.0884	15525	1392
26.089	1392	1072
26.0894	1072	856
26.0951	856	1072
26.0951	1072	1340
26.1112	1340	1554
26.1185	1554	1738
26.1255	1738	1903
26.1352	1903	2053
26.1419	2053	2192
26.1428	2192	2323
26.1592	2323	2446
26.1604	2446	2563
26.1663	2563	2675
26.1832	2675	2782
26.1844	2782	2885
26.1903	2885	2984
26.2072	2984	3080
26.2084	3080	3173
26.2137	3173	3263
26.2312	3263	3351
26.2324	3351	3436
26.2334	3436	3519
26.2552	3519	3600
26.2564	3600	3679
26.2574	3679	3757
26.2792	3757	3833
26.2804	3833	3907
26.2814	3907	3980
26.3032	3980	4052
26.3044	4052	4122
26.3054	4122	4191
26.3272	4191	4259
26.3284	4259	4326
26.3294	4326	4392
26.3512	4392	4457
26.3524	4457	4521
26.3534	4521	4584
26.3752	4584	4646
26.3764	4646	4707
26.3774	4707	4768
26.3992	4768	4828
26.4004	4828	4887
26.4014	4887	4945
26.4232	4945	5003
26.4244	5003	5060
26.4254	5060	5116
26.4472	5116	5172
26.4484	5172	5227
26.4494	5227	5281
26.4712	5281	5335
26.4724	5335	5388
26.4734	5388	5441
26.4952	5441	5493
26.4964	5493	5545
26.4974	5545	5596
26.5192	5596	5647
26.5204	5647	5697
26.5214	5697	5747
26.5432	5747	5796
26.5444	5796	5845
26.5454	5845	5894
26.5672	5894	5942
26.5684	5942	5990
26.5694	5990	6037
26.5912	6037	6084
26.5924	6084	6131
26.5934	6131	6177
26.6152	6177	6223
26.6164	6223	6269
26.6174	6269	6314
26.6392	6314	6359
26.6404	6359	6404
26.6414	6404	6448
26.6632	6448	6492
26.6644	6492	6536
26.6654	6536	6579
26.6872	6579	6622
26.6884	6622	6665
26.6894	6665	6708
26.7112	6708	6750
26.7124	6750	6792
26.7134	6792	6834
26.7352	6834	6876
26.7364	6876	6917
26.7374	6917	6958
26.7592	6958	6999
26.7604	6999	7040
26.7614	7040	7080
26.7832	7080	7120
26.7844	7120	7160
26.7854	7160	7200
26.8072	7200	7239
26.8084	7239	7278
26.8094	7278	7317
26.8312	7317	7356
26.8324	7356	7395
26.8334	7395	7433
26.8552	7433	7471
26.8564	7471	7509
26.8574	7509	7547
26.8792	7547	7585
26.8804	7585	7622
26.8814	7622	7659
26.9032	7659	7696
26.9044	7696	7733
26.9054	7733	7770
26.9272	7770	7806
26.9294	7806	536
26.936	536	1072
26.936	1072	1340
26.9512	1340	1554
26.9585	1554	1738
26.9655	1738	1903
26.9752	1903	2053
26.9819	2053	2192
26.9828	2192	2323
26.9992	2323	2446
27.0004	2446	2563
27.0063	2563	2675
27.0232	2675	2782
27.0244	2782	2885
27.0303	2885	2984
27.0472	2984	3080
27.0484	3080	3173
27.0537	3173	3263
27.0712	3263	3351
27.0724	3351	3436
27.0734	3436	3519
27.0952	3519	3600
27.0964	3600	3679
27.0974	3679	3757
27.1192	3757	3833
27.1204	3833	3907
27.1214	3907	3980
27.1432	3980	4052
27.1444	4052	4122
27.1454	4122	4191
27.1672	4191	4259
27.1684	4259	4326
27.1694	4326	4392
27.1912	4392	4457
27.1924	4457	4521
27.1934	4521	4584
27.2152	4584	4646
27.2164	4646	4707
27.2174	4707	4768
27.2392	4768	4828
27.2404	4828	4887
27.2414	4887	4945
27.2632	4945	5003
27.2644	5003	5060
27.2654	5060	5116
27.2872	5116	5172
27.2884	5172	5227
27.2894	5227	5281
27.3112	5281	5335
27.3124	5335	5388
27.3134	5388	5441
27.3352	5441	5493
27.3364	5493	5545
27.3374	5545	5596
27.3592	5596	5647
27.3604	5647	5697
27.3614	5697	5747
27.3832	5747	5796
27.3844	5796	5845
27.3854	5845	5894
27.4072	5894	5942
27.4084	5942	5990
27.4094	5990	6037
27.4312	6037	6084
27.4324	6084	6131
27.4334	6131	6177
27.4552	6177	6223
27.4564	6223	6269
27.4574	6269	6314
27.4792	6314	6359
27.4804	6359	6404
27.4814	6404	6448
27.5032	6448	6492
27.5044	6492	6536
27.5054	6536	6579
27.5272	6579	6622
27.5284	6622	6665
27.5294	6665	6708
27.5512	6708	6750
27.5524	6750	6792
27.5534	6792	6834
27.5752	6834	6876
27.5764	6876	6917
27.5774	6917	6958
27.5992	6958	6999
27.6004	6999	7040
27.6014	7040	7080
27.6232	7080	7120
27.6244	7120	7160
27.6254	7160	7200
27.6472	7200	7239
27.6484	7239	7278
27.6494	7278	7317
27.6712	7317	7356
27.6724	7356	7395
27.6734	7395	7433
27.6952	7433	7471
27.6964	7471	7509
27.6974	7509	7547
27.7192	7547	7585
27.7204	7585	7622
27.7214	7622	7659
27.7432	7659	7696
27.7444	7696	7733
27.7454	7733	7770
27.7672	7770	7806
27.7684	7806	7842
27.7694	7842	7878
27.7912	7878	7914
27.7924	7914	7950
27.7934	7950	7986
27.8152	7986	8021
27.8164	8021	8056
27.8174	8056	8091
27.8392	8091	8126
27.8404	8126	8161
27.8414	8161	8196
27.8632	8196	8231
27.8644	8231	8265
27.8654	8265	8299
27.8872	8299	8333
27.8884	8333	8367
27.8894	8367	8401
27.9112	8401	8435
27.9124	8435	8469
27.9134	8469	8502
27.9352	8502	8535
27.9364	8535	8568
27.9374	8568	8601
27.9592	8601	8634
27.9604	8634	8667
27.9614	8667	8700
27.9832	8700	8733
27.9844	8733	8765
27.9854	8765	8797
28.0072	8797	8829
28.0084	8829	8861
28.0094	8861	8893
28.0312	8893	8925
28.0324	8925	8957
28.0334	8957	8989
28.0552	8989	9020
28.0574	9020	536
28.064	536	1072
28.064	1072	1340
28.0792	1340	1554
28.0865	1554	1738
28.0935	1738	1903
28.1032	1903	2053
28.1099	2053	2192
28.1108	2192	2323
28.1272	2323	2446
28.1284	2446	2563
28.1343	2563	2675
28.1512	2675	2782
28.1524	2782	2885
28.1583	2885	2984
28.1752	2984	3080
28.1764	3080	3173
28.1817	3173	3263
28.1992	3263	3351
28.2004	3351	3436
28.2014	3436	3519
28.2232	3519	3600
28.2244	3600	3679
28.2254	3679	3757
28.2472	3757	3833
28.2484	3833	3907
28.2494	3907	3980
28.2712	3980	4052
28.2724	4052	4122
28.2734	4122	4191
28.2952	4191	4259
28.2964	4259	4326
28.2974	4326	4392
28.3192	4392	4457
28.3204	4457	4521
28.3214	4521	4584
28.3432	4584	4646
28.3444	4646	4707
28.3454	4707	4768
28.3672	4768	4828
28.3684	4828	4887
28.3694	4887	4945
28.3912	4945	5003
28.3924	5003	5060
28.3934	5060	5116
28.4152	5116	5172
28.4164	5172	5227
28.4174	5227	5281
28.4392	5281	5335
28.4404	5335	5388
28.4414	5388	5441
28.4632	5441	5493
28.4644	5493	5545
28.4654	5545	5596
28.4872	5596	5647
28.4884	5647	5697
28.4894	5697	5747
28.5112	5747	5796
28.5124	5796	5845
28.5134	5845	5894
28.5352	5894	5942
28.5364	5942	5990
28.5374	5990	6037
28.5592	6037	6084
28.5604	6084	6131
28.5614	6131	6177
28.5832	6177	6223
28.5844	6223	6269
28.5854	6269	6314
28.6072	6314	6359
28.6084	6359	6404
28.6094	6404	6448
28.6312	6448	6492
28.6324	6492	6536
28.6334	6536	6579
28.6552	6579	6622
28.6564	6622	6665
28.6574	6665	6708
28.6792	6708	6750
28.6804	6750	6792
28.6814	6792	6834
28.7032	6834	6876
28.7044	6876	6917
28.7054	6917	6958
28.7272	6958	6999
28.7284	6999	7040
28.7294	7040	7080
28.7512	7080	7120
28.7524	7120	7160
28.7534	7160	7200
28.7752	7200	7239
28.7764	7239	7278
28.7774	7278	7317
28.7992	7317	7356
28.8004	7356	7395
28.8014	7395	7433
28.8232	7433	7471
28.8244	7471	7509
28.8254	7509	7547
28.8472	7547	7585
28.8484	7585	7622
28.8494	7622	7659
28.8712	7659	7696
28.8724	7696	7733
28.8734	7733	7770
28.8952	7770	7806
28.8964	7806	7842
28.8974	7842	7878
28.9192	7878	7914
28.9204	7914	7950
28.9214	7950	7986
28.9432	7986	8021
28.9444	8021	8056
28.9454	8056	8091
28.9672	8091	8126
28.9684	8126	8161
28.9694	8161	8196
28.9912	8196	8231
28.9924	8231	8265
28.9934	8265	8299
29.0152	8299	8333
29.0164	8333	8367
29.0174	8367	8401
29.0392	8401	8435
29.0404	8435	8469
29.0414	8469	8502
29.0632	8502	8535
29.0644	8535	8568
29.0654	8568	8601
29.0872	8601	8634
29.0884	8634	8667
29.0894	8667	8700
29.1112	8700	8733
29.1124	8733	8765
29.1134	8765	8797
29.1352	8797	8829
29.1364	8829	8861
29.1374	8861	8893
29.1592	8893	8925
29.1604	8925	8957
29.1614	8957	8989
29.1832	8989	9020
29.1844	9020	9051
29.1854	9051	9082
29.2072	9082	9113
29.2084	9113	9144
29.2094	9144	9175
29.2312	9175	9206
29.2324	9206	9237
29.2334	9237	9268
29.2552	9268	9298
29.2564	9298	9328
29.2574	9328	9358
29.2792	9358	9388
29.2804	9388	9418
29.2814	9418	9448
29.3032	9448	9478
29.3044	9478	9508
29.3054	9508	9538
29.3272	9538	9568
29.3284	9568	9598
29.3294	9598	9627
29.3512	9627	9656
29.3524	9656	9685
29.3534	9685	9714
29.3752	9714	9743
29.3764	9743	9772
29.3774	9772	9801
29.3992	9801	9830
29.4004	9830	9859
29.4014	9859	9888
29.4232	9888	9917
29.4244	9917	9945
29.4254	9945	9973
29.4484	9973	1392
29.449	1392	1072
29.4494	1072	856
29.4551	856	1072
29.4551	1072	1340
29.4712	1340	1554
29.4785	1554	1738
29.4855	1738	1903
29.4952	1903	2053
29.5019	2053	2192
29.5028	2192	2323
29.5192	2323	2446
29.5204	2446	2563
29.5263	2563	2675
29.5432	2675	2782
29.5444	2782	2885
29.5503	2885	2984
29.5672	2984	3080
29.5684	3080	3173
29.5737	3173	3263
29.5912	3263	3351
29.5924	3351	3436
29.5934	3436	3519
29.6152	3519	3600
29.6174	3600	536
29.624	536	1072
29.624	1072	1340
29.6392	1340	1554
29.6465	1554	1738
29.6535	1738	1903
29.6632	1903	2053
29.6699	2053	2192
29.6708	2192	2323
29.6872	2323	2446
29.6884	2446	2563
29.6943	2563	2675
29.7112	2675	2782
29.7124	2782	2885
29.7183	2885	2984
29.7352	2984	3080
29.7364	3080	3173
29.7417	3173	3263
29.7592	3263	3351
29.7604	3351	3436
29.7614	3436	3519
29.7832	3519	3600
29.7844	3600	3679
29.7854	3679	3757
29.8072	3757	3833
29.8084	3833	3907
29.8094	3907	3980
29.8312	3980	4052
29.8324	4052	4122
29.8334	4122	4191
29.8552	4191	4259
29.8564	4259	4326
29.8574	4326	4392
29.8792	4392	4457
29.8804	4457	4521
29.8814	4521	4584
29.9032	4584	4646
29.9044	4646	4707
29.9054	4707	4768
29.9272	4768	4828
29.9284	4828	4887
29.9294	4887	4945
29.9512	4945	5003
29.9524	5003	5060
29.9534	5060	5116
29.9752	5116	5172
29.9764	5172	5227
29.9774	5227	5281
29.9992	5281	5335
