1.00612	0	5360
1.01281	5360	5896
1.01399	5896	6432
1.01517	6432	6968
1.03064	6968	7504
1.03182	7504	8040
1.033	8040	8576
1.05464	8576	6432
1.07864	6432	5896
1.10264	5896	5360
1.12664	5360	4824
1.15065	4824	3000
1.15339	3000	2784
1.1573	2784	4288
1.1573	4288	4355
1.17523	4355	4420
1.17738	4420	4484
1.19923	4484	4548
1.20138	4548	4611
1.22323	4611	4673
1.22538	4673	4734
1.24723	4734	4794
1.24938	4794	4853
1.27123	4853	4912
1.27338	4912	4970
1.29523	4970	5027
1.29738	5027	5084
1.31923	5084	5140
1.32138	5140	5195
1.34323	5195	5250
1.34538	5250	5304
1.36723	5304	5358
1.39065	5358	3000
1.39339	3000	2784
2.36723	2784	536
2.58052	536	1072
2.58776	1072	1608
2.59499	1608	2144
2.60163	2144	2680
2.60163	2680	2787
2.60281	2787	2890
2.61005	2890	2989
2.61669	2989	3085
2.62334	3085	3178
2.62998	3178	3268
2.63662	3268	3355
2.64268	3355	3440
2.64504	3440	3523
2.65109	3523	3604
2.65715	3604	3683
2.65951	3683	3761
2.66556	3761	3837
2.89694	3837	3216
2.89753	3216	2877
2.89871	2877	2144
2.90359	2144	2877
2.91082	2877	2976
2.91747	2976	3072
2.92471	3072	2144
2.93135	2144	2536
2.938	2536	2649
2.94154	2649	2757
2.94524	2757	2861
2.95188	2861	2961
2.95853	2961	3058
2.96517	3058	3151
2.97181	3151	3242
2.97846	3242	3330
2.98259	3330	3416
2.98687	3416	3500
2.99293	3500	3582
2.99706	3582	3662
3.00134	3662	3740
3.00739	3740	3816
3.02264	3816	3891
3.21464	3891	3216
3.241	3216	3305
3.26264	3305	3391
3.265	3391	3475
3.28664	3475	3557
6.48042	3557	1392
6.48139	1392	1176
6.48707	1176	2680
6.48707	2680	2787
6.50323	2787	2890
6.50966	2890	2989
6.52723	2989	3085
6.53366	3085	3178
6.55123	3178	3268
6.55338	3268	3355
6.57523	3355	3440
6.57738	3440	3523
6.59923	3523	3604
6.60138	3604	3683
6.62323	3683	3761
6.62538	3761	3837
6.64723	3837	3911
6.64938	3911	3984
6.67123	3984	4056
6.67338	4056	4126
6.69523	4126	4195
6.69738	4195	4263
6.71923	4263	4330
6.72138	4330	4396
6.74323	4396	4461
6.74538	4461	4525
6.76723	4525	4588
6.76938	4588	4650
6.79123	4650	4711
6.79338	4711	4771
6.81523	4771	4831
6.81738	4831	4890
6.83923	4890	4948
6.84138	4948	5006
6.86323	5006	5063
6.86538	5063	5119
6.88723	5119	5175
6.88938	5175	5230
6.91123	5230	5284
6.91338	5284	5338
6.93523	5338	5391
6.93738	5391	5444
6.95923	5444	5496
6.96138	5496	5548
6.98323	5548	5599
6.98538	5599	5650
7.00723	5650	5700
7.00938	5700	5750
7.03123	5750	5799
7.03338	5799	5848
7.05523	5848	5897
7.05738	5897	5945
7.07923	5945	5993
7.08138	5993	6040
7.10323	6040	6087
7.10538	6087	6134
7.12723	6134	6180
7.12938	6180	6226
7.15123	6226	6272
7.15338	6272	6317
7.17523	6317	6362
7.17738	6362	6407
7.19923	6407	6451
7.20138	6451	6495
7.22323	6495	6539
7.22538	6539	6582
7.24723	6582	6625
7.24938	6625	6668
7.27123	6668	6711
7.27338	6711	6753
7.29523	6753	6795
7.29738	6795	6837
7.31923	6837	6879
7.32138	6879	6920
7.34323	6920	6961
7.34539	6961	536
7.35203	536	2680
7.35203	2680	2787
7.36723	2787	2890
7.39065	2890	2144
7.39242	2144	1928
7.3973	1928	2354
7.39826	2354	2476
7.41523	2476	2592
7.41641	2592	2702
7.42225	2702	2808
7.43923	2808	2910
7.44566	2910	3008
7.46323	3008	3103
7.46538	3103	3195
7.48723	3195	3284
7.48938	3284	3371
7.51123	3371	3456
7.51338	3456	3539
7.53523	3539	3620
7.53738	3620	3699
7.55923	3699	3776
7.56138	3776	3852
7.58323	3852	3926
7.58538	3926	3999
7.60723	3999	4070
7.60938	4070	4140
7.63123	4140	4209
7.63338	4209	4277
7.65523	4277	4344
7.65738	4344	4410
7.67923	4410	4475
7.68138	4475	4539
7.70323	4539	4602
7.70538	4602	4664
7.72723	4664	4725
7.72938	4725	4785
7.75123	4785	4845
7.75338	4845	4904
7.77523	4904	4962
7.77738	4962	5019
7.79923	5019	5076
7.80138	5076	5132
7.82323	5132	5187
7.82538	5187	5242
7.84723	5242	5296
7.84938	5296	5350
7.87123	5350	5403
7.87338	5403	5456
7.89523	5456	5508
7.89738	5508	5560
7.91923	5560	5611
7.92138	5611	5662
7.94323	5662	5712
7.94538	5712	5762
7.96723	5762	5811
7.96938	5811	5860
7.99123	5860	5909
7.99338	5909	5957
8.01523	5957	6005
8.01738	6005	6052
8.03923	6052	6099
8.04138	6099	6146
8.06323	6146	6192
8.06538	6192	6238
8.08723	6238	6284
8.11065	6284	3000
8.11124	3000	2503
8.11183	2503	2354
8.11242	2354	1928
8.11339	1928	1712
8.1173	1712	2354
8.1173	2354	2476
8.13523	2476	2592
8.13641	2592	2702
8.14225	2702	2808
8.15923	2808	2910
8.16566	2910	3008
8.18323	3008	3103
8.18538	3103	3195
8.20723	3195	3284
8.20938	3284	3371
8.23123	3371	3456
8.23338	3456	3539
8.25523	3539	3620
8.25738	3620	3699
8.27923	3699	3776
8.28138	3776	3852
8.30323	3852	3926
8.30538	3926	3999
8.32723	3999	4070
8.32938	4070	4140
8.35123	4140	4209
8.35338	4209	4277
8.37523	4277	4344
8.37738	4344	4410
8.39923	4410	4475
8.40138	4475	4539
8.42323	4539	4602
8.42538	4602	4664
8.44723	4664	4725
8.44938	4725	4785
8.47123	4785	4845
8.47338	4845	4904
8.49523	4904	4962
8.49738	4962	5019
8.51923	5019	5076
8.52138	5076	5132
8.54323	5132	5187
8.54538	5187	5242
8.56723	5242	5296
8.56938	5296	5350
8.59123	5350	5403
8.59338	5403	5456
8.61523	5456	5508
8.61738	5508	5560
8.63923	5560	5611
8.64138	5611	5662
8.66323	5662	5712
8.66538	5712	5762
8.68723	5762	5811
8.68938	5811	5860
8.71123	5860	5909
8.71338	5909	5957
8.73523	5957	6005
8.73738	6005	6052
8.75923	6052	6099
8.76138	6099	6146
8.78323	6146	6192
8.78538	6192	6238
8.80723	6238	6284
8.80938	6284	6329
8.83123	6329	6374
8.83338	6374	6419
8.85523	6419	6463
8.85738	6463	6507
8.87923	6507	6551
8.88138	6551	6594
8.90323	6594	6637
8.90538	6637	6680
8.92723	6680	6723
8.92938	6723	6765
8.95123	6765	6807
8.95338	6807	6849
8.97523	6849	6890
8.97738	6890	6931
8.99923	6931	6972
9.00138	6972	7013
9.02323	7013	7053
9.02538	7053	7093
9.04723	7093	7133
9.04938	7133	7173
9.07123	7173	7213
9.07338	7213	7252
9.09523	7252	7291
9.09738	7291	7330
9.11923	7330	7369
9.12138	7369	7407
9.14323	7407	7445
9.14538	7445	7483
9.16723	7483	7521
9.16938	7521	7559
9.19123	7559	7597
9.19338	7597	7634
9.21523	7634	7671
9.21738	7671	7708
9.23923	7708	7745
9.24138	7745	7782
9.26323	7782	7818
9.26538	7818	7854
9.28723	7854	7890
9.28938	7890	7926
9.31123	7926	7962
9.31338	7962	7998
9.33701	7998	856
9.34366	856	2354
9.34366	2354	2476
9.35923	2476	2592
9.36041	2592	2702
9.36625	2702	2808
9.38323	2808	2910
9.38966	2910	3008
9.40723	3008	3103
9.40938	3103	3195
9.43123	3195	3284
9.43338	3284	3371
9.45523	3371	3456
9.45738	3456	3539
9.47923	3539	3620
9.48138	3620	3699
9.50323	3699	3776
9.50538	3776	3852
9.52723	3852	3926
9.52938	3926	3999
9.55123	3999	4070
9.55338	4070	4140
9.57523	4140	4209
9.57738	4209	4277
9.59923	4277	4344
9.60138	4344	4410
9.62323	4410	4475
9.62538	4475	4539
9.64723	4539	4602
9.64938	4602	4664
9.67123	4664	4725
9.67338	4725	4785
9.69523	4785	4845
9.69738	4845	4904
9.71923	4904	4962
9.72138	4962	5019
9.74323	5019	5076
9.74538	5076	5132
9.76723	5132	5187
9.76938	5187	5242
9.79123	5242	5296
9.79338	5296	5350
9.81523	5350	5403
9.81738	5403	5456
9.83923	5456	5508
9.84138	5508	5560
9.86323	5560	5611
9.86538	5611	5662
9.88723	5662	5712
9.88938	5712	5762
9.91123	5762	5811
9.91338	5811	5860
9.93523	5860	5909
9.93738	5909	5957
9.95923	5957	6005
9.96138	6005	6052
9.98323	6052	6099
9.98538	6099	6146
10.0072	6146	6192
10.0094	6192	6238
10.0312	6238	6284
10.0334	6284	6329
10.0552	6329	6374
10.0574	6374	6419
10.0792	6419	6463
10.0814	6463	6507
10.1032	6507	6551
10.1054	6551	6594
10.1272	6594	6637
10.1294	6637	6680
10.1512	6680	6723
10.1534	6723	6765
10.1752	6765	6807
10.1774	6807	6849
10.1992	6849	6890
10.2014	6890	6931
10.2232	6931	6972
10.2254	6972	7013
10.2472	7013	7053
10.2494	7053	7093
10.2712	7093	7133
10.2734	7133	7173
10.2952	7173	7213
10.2974	7213	7252
10.3192	7252	7291
10.3214	7291	7330
10.3432	7330	7369
10.3454	7369	7407
10.3672	7407	7445
10.3694	7445	7483
10.3912	7483	7521
10.3934	7521	7559
10.4152	7559	7597
10.4174	7597	7634
10.4392	7634	7671
10.4414	7671	7708
10.4632	7708	7745
10.4654	7745	7782
10.4872	7782	7818
10.4894	7818	7854
10.5112	7854	7890
10.5134	7890	7926
10.5352	7926	7962
10.5374	7962	7998
10.5592	7998	8033
10.5614	8033	8068
10.5832	8068	8103
10.5854	8103	8138
10.6072	8138	8173
10.6094	8173	8208
10.6312	8208	8243
10.6334	8243	8277
10.6552	8277	8311
10.6574	8311	8345
10.6792	8345	8379
10.6814	8379	8413
10.7032	8413	8447
10.7054	8447	8481
10.7272	8481	8514
10.7294	8514	8547
10.7512	8547	8580
10.7534	8580	8613
10.7752	8613	8646
10.7774	8646	8679
10.7992	8679	8712
10.8014	8712	8744
10.8232	8744	8776
10.8254	8776	8808
10.8472	8808	8840
10.8494	8840	8872
10.8712	8872	8904
10.8734	8904	8936
10.8952	8936	8968
10.8974	8968	9000
10.9192	9000	9031
10.9214	9031	9062
10.9432	9062	9093
10.9454	9093	9124
10.9672	9124	9155
10.9694	9155	9186
10.9912	9186	9217
11.0147	9217	3000
11.0152	3000	2503
11.0158	2503	2354
11.0164	2354	1928
11.0174	1928	1712
11.0213	1712	2354
11.0213	2354	2476
11.0392	2476	2592
11.0404	2592	2702
11.0463	2702	2808
11.0632	2808	2910
11.0697	2910	3008
11.0872	3008	3103
11.0894	3103	3195
11.1112	3195	3284
11.1134	3284	3371
11.1352	3371	3456
11.1374	3456	3539
11.1592	3539	3620
11.1614	3620	3699
11.1832	3699	3776
11.1854	3776	3852
11.2072	3852	3926
11.2094	3926	3999
11.2312	3999	4070
11.2334	4070	4140
11.2552	4140	4209
11.2574	4209	4277
11.2792	4277	4344
11.2814	4344	4410
11.3032	4410	4475
11.3054	4475	4539
11.3272	4539	4602
11.3294	4602	4664
11.3512	4664	4725
11.3534	4725	4785
11.377	4785	856
11.3837	856	2354
11.3837	2354	2476
11.3992	2476	2592
11.4004	2592	2702
11.4063	2702	2808
11.4232	2808	2910
11.4297	2910	3008
11.4472	3008	3103
11.4494	3103	3195
11.4712	3195	3284
11.4734	3284	3371
11.4952	3371	3456
11.5187	3456	2680
11.5192	2680	2354
11.5198	2354	2144
11.5204	2144	1928
11.5253	1928	2354
11.5432	2354	2476
11.5444	2476	2592
11.5503	2592	2702
11.5672	2702	2808
11.5737	2808	2910
11.5912	2910	3008
11.5977	3008	3103
11.6152	3103	3195
11.6174	3195	3284
11.6392	3284	3371
11.6632	3371	2464
11.6638	2464	2354
11.6644	2354	1928
11.6691	1928	1712
11.6699	1712	2354
11.6699	2354	2476
11.6872	2476	2592
11.6884	2592	2702
11.6943	2702	2808
11.7112	2808	2910
11.7177	2910	3008
11.7352	3008	3103
11.7374	3103	3195
11.7592	3195	3284
11.7614	3284	3371
11.7832	3371	3456
11.7854	3456	3539
11.8072	3539	3620
11.8094	3620	3699
11.8312	3699	3776
11.8334	3776	3852
11.8552	3852	3926
11.8574	3926	3999
11.8792	3999	4070
11.8814	4070	4140
11.9032	4140	4209
11.9054	4209	4277
11.9272	4277	4344
11.9294	4344	4410
11.9512	4410	4475
11.9534	4475	4539
11.9752	4539	4602
11.9774	4602	4664
11.9992	4664	4725
12.0014	4725	4785
12.0232	4785	4845
12.0254	4845	4904
12.0472	4904	4962
12.0494	4962	5019
12.0712	5019	5076
12.0734	5076	5132
12.0952	5132	5187
12.0974	5187	5242
12.1192	5242	5296
12.1214	5296	5350
12.1432	5350	5403
12.1454	5403	5456
12.1672	5456	5508
12.1694	5508	5560
12.1912	5560	5611
12.1934	5611	5662
12.2152	5662	5712
12.2174	5712	5762
12.2392	5762	5811
12.2414	5811	5860
12.2632	5860	5909
12.2654	5909	5957
12.2872	5957	6005
12.2894	6005	6052
12.3112	6052	6099
12.3134	6099	6146
12.3352	6146	6192
12.3374	6192	6238
12.3592	6238	6284
12.3614	6284	6329
12.3832	6329	6374
12.3854	6374	6419
12.4072	6419	6463
12.4094	6463	6507
12.4312	6507	6551
12.4334	6551	6594
12.4552	6594	6637
12.4574	6637	6680
12.4792	6680	6723
12.4814	6723	6765
12.5032	6765	6807
12.5054	6807	6849
12.5272	6849	6890
12.5294	6890	6931
12.5512	6931	6972
12.5534	6972	7013
12.5752	7013	7053
12.5774	7053	7093
12.5992	7093	7133
12.6014	7133	7173
12.6232	7173	7213
12.6254	7213	7252
12.6472	7252	7291
12.6494	7291	7330
12.6712	7330	7369
12.6734	7369	7407
12.6952	7407	7445
12.6974	7445	7483
12.7192	7483	7521
12.7214	7521	7559
12.7432	7559	7597
12.7454	7597	7634
12.7672	7634	7671
12.7694	7671	7708
12.7912	7708	7745
12.7934	7745	7782
12.8152	7782	7818
12.8174	7818	7854
12.8392	7854	7890
12.8414	7890	7926
12.8632	7926	7962
12.8872	7962	2464
12.8878	2464	2354
12.8884	2354	1928
12.8894	1928	1712
12.8939	1712	2354
12.8939	2354	2476
12.9112	2476	2592
12.9124	2592	2702
12.9183	2702	2808
12.9352	2808	2910
12.9417	2910	3008
12.9592	3008	3103
12.9614	3103	536
12.968	536	2354
12.968	2354	2476
12.9832	2476	2592
12.9844	2592	2702
12.9903	2702	2808
13.0072	2808	2910
13.0137	2910	3008
13.0312	3008	3103
13.0334	3103	3195
13.0552	3195	3284
13.0574	3284	3371
13.0792	3371	3456
13.1038	3456	2464
13.1044	2464	2354
13.105	2354	1392
13.1105	1392	1072
13.1117	1072	2354
13.1117	2354	2476
13.1272	2476	2592
13.1284	2592	2702
13.1343	2702	2808
13.1512	2808	2910
13.1577	2910	3008
13.1752	3008	3103
13.1774	3103	3195
13.1992	3195	3284
13.2014	3284	3371
13.2232	3371	3456
13.2254	3456	3539
13.2472	3539	3620
13.2494	3620	3699
13.2712	3699	3776
13.2734	3776	3852
13.2952	3852	3926
13.2974	3926	3999
13.3192	3999	4070
13.3214	4070	4140
13.3432	4140	4209
13.3454	4209	4277
13.3672	4277	4344
13.3694	4344	4410
13.3912	4410	4475
13.3934	4475	4539
13.4152	4539	4602
13.4174	4602	4664
13.4392	4664	4725
13.4414	4725	4785
13.4632	4785	4845
13.4654	4845	4904
13.4872	4904	4962
13.4894	4962	5019
13.5112	5019	5076
13.5134	5076	5132
13.5352	5132	5187
13.5374	5187	5242
13.5592	5242	5296
13.5614	5296	5350
13.5832	5350	5403
13.5854	5403	5456
13.6072	5456	5508
13.6094	5508	5560
13.6312	5560	5611
13.6334	5611	5662
13.6552	5662	5712
13.6574	5712	5762
13.6792	5762	5811
13.6814	5811	5860
13.7032	5860	5909
13.7054	5909	5957
13.7272	5957	6005
13.7294	6005	6052
13.7512	6052	6099
13.7534	6099	6146
13.7752	6146	6192
13.7987	6192	3000
13.7992	3000	2503
13.7998	2503	2354
13.8004	2354	1928
13.8053	1928	1176
13.8117	1176	2354
13.8232	2354	2476
13.8244	2476	2592
13.8303	2592	2702
13.8472	2702	2808
13.8537	2808	2910
13.8712	2910	3008
13.8777	3008	3103
13.8952	3103	3195
13.8974	3195	3284
13.9192	3284	3371
13.9214	3371	3456
13.9444	3456	1392
13.9454	1392	1176
13.9511	1176	2354
13.9511	2354	2476
13.9672	2476	2592
13.9684	2592	2702
13.9743	2702	2808
13.9912	2808	2910
13.9977	2910	3008
14.0152	3008	3103
14.0174	3103	3195
14.0392	3195	3284
14.0414	3284	3371
14.0632	3371	3456
14.0654	3456	3539
14.0872	3539	3620
14.0894	3620	3699
14.1112	3699	3776
14.1134	3776	3852
14.1352	3852	3926
14.1374	3926	3999
14.1592	3999	4070
14.1614	4070	4140
14.1832	4140	4209
14.1854	4209	4277
14.2072	4277	4344
14.2094	4344	4410
14.2312	4410	4475
14.2334	4475	4539
14.2552	4539	4602
14.2574	4602	4664
14.2792	4664	4725
14.2814	4725	4785
14.3032	4785	4845
14.3054	4845	4904
14.3272	4904	4962
14.3294	4962	5019
14.3512	5019	5076
14.3534	5076	5132
14.3752	5132	5187
14.3774	5187	5242
14.3992	5242	5296
14.4014	5296	5350
14.4232	5350	5403
14.4254	5403	5456
14.4472	5456	5508
14.4494	5508	5560
14.4712	5560	5611
14.4734	5611	5662
14.4952	5662	5712
14.4974	5712	5762
14.5192	5762	5811
14.5214	5811	5860
14.5432	5860	5909
14.5454	5909	5957
14.5672	5957	6005
14.5694	6005	6052
14.5912	6052	6099
14.5934	6099	6146
14.6152	6146	6192
14.6174	6192	6238
14.6392	6238	6284
14.6414	6284	6329
14.6632	6329	6374
14.6654	6374	6419
14.6872	6419	6463
14.6894	6463	6507
14.7112	6507	6551
14.7134	6551	6594
14.7352	6594	6637
14.7374	6637	6680
14.7592	6680	6723
14.7614	6723	6765
14.7832	6765	6807
14.7854	6807	6849
14.8072	6849	6890
14.8094	6890	6931
14.8312	6931	6972
14.8334	6972	7013
14.8552	7013	7053
14.8574	7053	7093
14.8792	7093	7133
14.8814	7133	7173
14.9032	7173	7213
14.9054	7213	7252
14.929	7252	856
14.9357	856	2354
14.9357	2354	2476
14.9512	2476	2592
14.9524	2592	2702
14.9583	2702	2808
14.9752	2808	2910
14.9817	2910	3008
14.9992	3008	3103
15.0014	3103	3195
15.0232	3195	3284
15.0254	3284	3371
15.0472	3371	3456
15.0494	3456	3539
15.0712	3539	3620
15.0734	3620	3699
15.0952	3699	3776
15.0974	3776	3852
15.1192	3852	3926
15.1214	3926	3999
15.1432	3999	4070
15.1454	4070	4140
15.1672	4140	4209
15.1694	4209	4277
15.1912	4277	4344
15.1934	4344	4410
15.2152	4410	4475
15.2174	4475	4539
15.2392	4539	4602
15.2414	4602	4664
15.2632	4664	4725
15.2654	4725	4785
15.2872	4785	4845
15.2894	4845	4904
15.3112	4904	4962
15.3134	4962	5019
15.3352	5019	5076
15.3587	5076	3000
15.3592	3000	2503
15.3598	2503	2354
15.3604	2354	1928
15.3614	1928	1712
15.3653	1712	2354
15.3653	2354	2476
15.3832	2476	2592
15.3844	2592	2702
15.3903	2702	2808
15.4072	2808	2910
15.4137	2910	3008
15.4312	3008	3103
15.4334	3103	3195
15.4552	3195	3284
15.4574	3284	3371
15.4792	3371	3456
15.4814	3456	3539
15.5032	3539	3620
15.5054	3620	3699
15.5272	3699	3776
15.5294	3776	3852
15.5512	3852	3926
15.5534	3926	3999
15.5752	3999	4070
15.5774	4070	4140
15.5992	4140	4209
15.6014	4209	4277
15.6232	4277	4344
15.6254	4344	4410
15.6472	4410	4475
15.6494	4475	4539
15.6712	4539	4602
15.6734	4602	4664
15.6952	4664	4725
15.6974	4725	4785
15.7192	4785	4845
15.7214	4845	4904
15.7432	4904	4962
15.7454	4962	5019
15.7672	5019	5076
15.7694	5076	5132
15.7912	5132	5187
15.7934	5187	5242
15.8152	5242	5296
15.8174	5296	5350
15.8392	5350	5403
15.8414	5403	5456
15.8632	5456	5508
15.8654	5508	5560
15.8872	5560	5611
15.8894	5611	5662
15.9112	5662	5712
15.9134	5712	5762
15.9352	5762	5811
15.9374	5811	5860
15.9592	5860	5909
15.9614	5909	5957
15.9832	5957	6005
15.9854	6005	6052
16.0072	6052	6099
16.0094	6099	6146
16.0312	6146	6192
16.0334	6192	6238
16.0552	6238	6284
16.0574	6284	6329
16.0792	6329	6374
16.0814	6374	6419
16.1032	6419	6463
16.1054	6463	6507
16.1272	6507	6551
16.1294	6551	6594
16.1512	6594	6637
16.1534	6637	6680
16.1752	6680	6723
16.1774	6723	6765
16.2004	6765	1392
16.2014	1392	1176
16.2071	1176	2354
16.2071	2354	2476
16.2232	2476	2592
16.2244	2592	2702
16.2303	2702	2808
16.2472	2808	2910
16.2537	2910	3008
16.2712	3008	3103
16.2734	3103	3195
16.2952	3195	3284
16.2974	3284	3371
16.3192	3371	3456
16.3214	3456	3539
16.3432	3539	3620
16.3454	3620	3699
16.3672	3699	3776
16.3694	3776	3852
16.3912	3852	3926
16.3934	3926	3999
16.4152	3999	4070
16.4174	4070	4140
16.4392	4140	4209
16.4414	4209	4277
16.4632	4277	4344
16.4654	4344	4410
16.4872	4410	4475
16.4894	4475	4539
16.5112	4539	4602
16.5134	4602	4664
16.5352	4664	4725
16.5374	4725	4785
16.5592	4785	4845
16.5614	4845	4904
16.5832	4904	4962
16.6072	4962	2464
16.6078	2464	2354
16.6084	2354	1928
16.6094	1928	1712
16.6139	1712	2354
16.6139	2354	2476
16.6312	2476	2592
16.6324	2592	2702
16.6383	2702	2808
16.6552	2808	2910
16.6617	2910	3008
16.6792	3008	3103
16.6814	3103	3195
16.7032	3195	3284
16.7054	3284	3371
16.7272	3371	3456
16.7294	3456	3539
16.7512	3539	3620
16.7534	3620	3699
16.7752	3699	3776
16.7774	3776	3852
16.7992	3852	3926
16.8014	3926	3999
16.8232	3999	4070
16.8254	4070	4140
16.8472	4140	4209
16.8494	4209	4277
16.8712	4277	4344
16.8734	4344	4410
16.8952	4410	4475
16.8974	4475	4539
16.9192	4539	4602
16.9214	4602	4664
16.9432	4664	4725
16.9454	4725	4785
16.9672	4785	4845
16.9694	4845	4904
16.9912	4904	4962
16.9934	4962	5019
17.0152	5019	5076
17.0174	5076	5132
17.0392	5132	5187
17.0414	5187	5242
17.0632	5242	5296
17.0654	5296	5350
17.0872	5350	5403
17.0894	5403	5456
17.1112	5456	5508
17.1134	5508	5560
17.1352	5560	5611
17.1374	5611	5662
17.1592	5662	5712
17.1614	5712	5762
17.1832	5762	5811
17.1854	5811	5860
17.2072	5860	5909
17.2094	5909	5957
17.2312	5957	6005
17.2334	6005	6052
17.2552	6052	6099
17.2574	6099	6146
17.2792	6146	6192
17.3027	6192	3000
17.3032	3000	2503
17.3038	2503	2354
17.3044	2354	1928
17.3054	1928	1712
17.3093	1712	2354
17.3093	2354	2476
17.3272	2476	2592
17.3284	2592	2702
17.3343	2702	2808
17.3512	2808	2910
17.3577	2910	3008
17.3752	3008	3103
17.3774	3103	3195
17.4004	3195	1392
17.4014	1392	1176
17.4071	1176	2354
17.4071	2354	2476
17.4232	2476	2592
17.4244	2592	2702
17.4303	2702	2808
17.4472	2808	2910
17.4537	2910	3008
17.4712	3008	3103
17.4734	3103	3195
17.4952	3195	3284
17.4974	3284	3371
17.5192	3371	3456
17.5214	3456	3539
17.5432	3539	3620
17.5454	3620	3699
17.5672	3699	3776
17.5694	3776	3852
17.5912	3852	3926
17.5934	3926	3999
17.6152	3999	4070
17.6174	4070	4140
17.6392	4140	4209
17.6414	4209	4277
17.6632	4277	4344
17.6654	4344	4410
17.6872	4410	4475
17.6894	4475	4539
17.7112	4539	4602
17.7134	4602	4664
17.7352	4664	4725
17.7374	4725	4785
17.7592	4785	4845
17.7614	4845	4904
17.7832	4904	4962
17.7854	4962	5019
17.8072	5019	5076
17.8094	5076	5132
17.8312	5132	5187
17.8334	5187	5242
17.8552	5242	5296
17.8574	5296	5350
17.8792	5350	5403
17.8814	5403	5456
17.9032	5456	5508
17.9054	5508	5560
17.9272	5560	5611
17.9294	5611	5662
17.9512	5662	5712
17.9534	5712	5762
17.9752	5762	5811
17.9774	5811	5860
17.9992	5860	5909
18.0014	5909	5957
18.0232	5957	6005
18.0254	6005	6052
18.0472	6052	6099
18.0494	6099	6146
18.0712	6146	6192
18.0734	6192	6238
18.0952	6238	6284
18.0974	6284	6329
18.1192	6329	6374
18.1214	6374	6419
18.1432	6419	6463
18.1454	6463	6507
18.1672	6507	6551
18.1694	6551	6594
18.1912	6594	6637
18.1934	6637	6680
18.2152	6680	6723
18.2174	6723	6765
18.2392	6765	6807
18.2414	6807	6849
18.2632	6849	6890
18.2654	6890	6931
18.2872	6931	6972
18.2894	6972	7013
18.3112	7013	7053
18.3134	7053	7093
18.3352	7093	7133
18.3374	7133	7173
18.3592	7173	7213
18.3614	7213	7252
18.3832	7252	7291
18.3854	7291	7330
18.4072	7330	7369
18.4094	7369	7407
18.4312	7407	7445
18.4334	7445	7483
18.4552	7483	7521
18.4798	7521	1928
18.4804	1928	1712
18.4814	1712	1496
18.4863	1496	2354
18.4863	2354	2476
18.5032	2476	2592
18.5044	2592	2702
18.5103	2702	2808
18.5272	2808	2910
18.5337	2910	3008
18.5512	3008	3103
18.5534	3103	3195
18.5752	3195	3284
18.5774	3284	3371
18.5992	3371	3456
18.6014	3456	3539
18.6232	3539	3620
18.6254	3620	3699
18.6472	3699	3776
18.6494	3776	3852
18.6712	3852	3926
18.6734	3926	3999
18.6952	3999	4070
18.6974	4070	4140
18.7192	4140	4209
18.7214	4209	4277
18.7432	4277	4344
18.7454	4344	4410
18.7672	4410	4475
18.7694	4475	4539
18.7912	4539	4602
18.7934	4602	4664
18.8152	4664	4725
18.8174	4725	4785
18.8392	4785	4845
18.8414	4845	4904
18.8632	4904	4962
18.8654	4962	5019
18.8872	5019	5076
18.8894	5076	5132
18.9112	5132	5187
18.9134	5187	5242
18.9352	5242	5296
18.9374	5296	5350
18.9592	5350	5403
18.9614	5403	5456
18.9832	5456	5508
18.9854	5508	5560
19.0072	5560	5611
19.0094	5611	5662
19.0312	5662	5712
19.0334	5712	5762
19.0552	5762	5811
19.0574	5811	5860
19.0792	5860	5909
19.0814	5909	5957
19.1032	5957	6005
19.1054	6005	6052
19.1272	6052	6099
19.1294	6099	6146
19.1512	6146	6192
19.1534	6192	6238
19.1752	6238	6284
19.1774	6284	6329
19.1992	6329	6374
19.2014	6374	6419
19.2232	6419	6463
19.2254	6463	6507
19.2472	6507	6551
19.2494	6551	6594
19.2712	6594	6637
19.2734	6637	6680
19.2952	6680	6723
19.2974	6723	6765
19.3192	6765	6807
19.3214	6807	6849
19.3432	6849	6890
19.3454	6890	6931
19.3672	6931	6972
19.3694	6972	7013
19.3912	7013	7053
19.3934	7053	7093
19.4152	7093	7133
19.4174	7133	7173
19.4392	7173	7213
19.4414	7213	7252
19.4632	7252	7291
19.4654	7291	7330
19.4872	7330	7369
19.4894	7369	7407
19.5112	7407	7445
19.5134	7445	7483
19.5352	7483	7521
19.5374	7521	7559
19.5592	7559	7597
19.5614	7597	7634
19.5832	7634	7671
19.5854	7671	7708
19.6072	7708	7745
19.6094	7745	7782
19.6312	7782	7818
19.6334	7818	7854
19.6552	7854	7890
19.6574	7890	7926
19.6792	7926	7962
19.6814	7962	7998
19.7032	7998	8033
19.7054	8033	8068
19.7272	8068	8103
19.7294	8103	8138
19.7512	8138	8173
19.7534	8173	8208
19.7752	8208	8243
19.7774	8243	8277
19.7992	8277	8311
19.8014	8311	8345
19.8232	8345	8379
19.8254	8379	8413
19.8472	8413	8447
19.8494	8447	8481
19.8712	8481	8514
19.8734	8514	8547
19.8952	8547	8580
19.8974	8580	8613
19.9192	8613	8646
19.9214	8646	8679
19.9432	8679	8712
19.9454	8712	8744
19.9672	8744	8776
19.9694	8776	8808
19.993	8808	856
19.9997	856	2354
19.9997	2354	2476
20.0152	2476	2592
20.0164	2592	2702
20.0223	2702	2808
20.0392	2808	2910
20.0457	2910	3008
20.0632	3008	3103
20.0654	3103	3195
20.0872	3195	3284
20.0894	3284	3371
20.1112	3371	3456
20.1134	3456	3539
20.1352	3539	3620
20.1374	3620	3699
20.1592	3699	3776
20.1614	3776	3852
20.1832	3852	3926
20.1854	3926	3999
20.2072	3999	4070
20.2094	4070	4140
20.2312	4140	4209
20.2334	4209	4277
20.2552	4277	4344
20.2574	4344	4410
20.2792	4410	4475
20.2814	4475	4539
20.3032	4539	4602
20.3054	4602	4664
20.3272	4664	4725
20.3294	4725	4785
20.3512	4785	4845
20.3534	4845	4904
20.3752	4904	4962
20.3774	4962	5019
20.3992	5019	5076
20.4014	5076	5132
20.4232	5132	5187
20.4254	5187	5242
20.4472	5242	5296
20.4494	5296	5350
20.4712	5350	5403
20.4734	5403	5456
20.4952	5456	5508
20.4974	5508	5560
20.5192	5560	5611
20.5214	5611	5662
20.5432	5662	5712
20.5454	5712	5762
20.5672	5762	5811
20.5694	5811	5860
20.5912	5860	5909
20.5934	5909	5957
20.6152	5957	6005
20.6174	6005	6052
20.6392	6052	6099
20.6414	6099	6146
20.6632	6146	6192
20.6654	6192	6238
20.6872	6238	6284
20.6894	6284	6329
20.7112	6329	6374
20.7134	6374	6419
20.7352	6419	6463
20.7374	6463	6507
20.7592	6507	6551
20.7614	6551	6594
20.7832	6594	6637
20.7854	6637	6680
20.8072	6680	6723
20.8094	6723	6765
20.8312	6765	6807
20.8334	6807	6849
20.8552	6849	6890
20.8574	6890	6931
20.8792	6931	6972
20.8814	6972	7013
20.9032	7013	7053
20.9054	7053	7093
20.9272	7093	7133
20.9294	7133	7173
20.9512	7173	7213
20.9534	7213	7252
20.9752	7252	7291
20.9774	7291	7330
20.9992	7330	7369
21.0014	7369	7407
21.0232	7407	7445
21.0254	7445	7483
21.0472	7483	7521
21.0494	7521	7559
21.0712	7559	7597
21.0734	7597	7634
21.0952	7634	7671
21.0974	7671	7708
21.1192	7708	7745
21.1214	7745	7782
21.1432	7782	7818
21.1454	7818	7854
21.1672	7854	7890
21.1694	7890	7926
21.1912	7926	7962
21.1934	7962	7998
21.2152	7998	8033
21.2174	8033	8068
21.2392	8068	8103
21.2414	8103	8138
21.2632	8138	8173
21.2654	8173	8208
21.2872	8208	8243
21.2894	8243	8277
21.3112	8277	8311
21.3134	8311	8345
21.3352	8345	8379
21.3374	8379	8413
21.3592	8413	8447
21.3614	8447	8481
21.3832	8481	8514
21.3854	8514	8547
21.4072	8547	8580
21.4094	8580	8613
21.4312	8613	8646
21.4334	8646	8679
21.4552	8679	8712
21.4574	8712	8744
21.4792	8744	8776
21.4814	8776	8808
21.5032	8808	8840
21.5054	8840	8872
21.5272	8872	8904
21.5294	8904	8936
21.5512	8936	8968
21.5534	8968	9000
21.5752	9000	9031
21.5774	9031	9062
21.5992	9062	9093
21.6014	9093	9124
21.6232	9124	9155
21.6254	9155	9186
21.6472	9186	9217
21.6494	9217	9248
21.6712	9248	9279
21.6734	9279	9309
21.6952	9309	9339
21.6974	9339	9369
21.7192	9369	9399
21.7214	9399	9429
21.7432	9429	9459
21.7454	9459	9489
21.7672	9489	9519
21.7694	9519	9549
21.7912	9549	9579
21.7934	9579	9608
21.8152	9608	9637
21.8174	9637	9666
21.8392	9666	9695
21.8414	9695	9724
21.8632	9724	9753
21.8654	9753	9782
21.8872	9782	9811
21.8894	9811	9840
21.9112	9840	9869
21.9134	9869	9898
21.9352	9898	9927
21.9374	9927	9955
21.9592	9955	9983
21.9614	9983	10011
21.9832	10011	10039
21.9854	10039	10067
22.0072	10067	10095
22.0094	10095	10123
22.0312	10123	10151
22.0334	10151	10179
22.0552	10179	10207
22.0574	10207	10235
22.0792	10235	10263
22.0814	10263	10290
22.1032	10290	10317
22.1054	10317	10344
22.1272	10344	10371
22.1294	10371	10398
22.1512	10398	10425
22.1534	10425	10452
22.1752	10452	10479
22.1774	10479	10506
22.1992	10506	10533
22.2014	10533	10560
22.2232	10560	10587
22.2254	10587	10614
22.2472	10614	10641
22.2494	10641	10667
22.2712	10667	10693
22.2734	10693	10719
22.2964	10719	1392
22.2974	1392	1176
22.3031	1176	2354
22.3031	2354	2476
22.3192	2476	2592
22.3204	2592	2702
22.3263	2702	2808
22.3432	2808	2910
22.3497	2910	3008
22.3672	3008	3103
22.3694	3103	3195
22.3912	3195	3284
22.3934	3284	3371
22.4152	3371	3456
22.4174	3456	3539
22.4392	3539	3620
22.4414	3620	3699
22.4632	3699	3776
22.4654	3776	3852
22.4872	3852	3926
22.4894	3926	3999
22.5112	3999	4070
22.5134	4070	4140
22.5352	4140	4209
22.5598	4209	1928
22.5604	1928	1712
22.5614	1712	1496
22.5663	1496	2354
22.5663	2354	2476
22.5832	2476	2592
22.5844	2592	2702
22.5903	2702	2808
22.6072	2808	2910
22.6137	2910	3008
22.6312	3008	3103
22.6334	3103	3195
22.6552	3195	3284
22.6574	3284	3371
22.6792	3371	3456
22.6814	3456	3539
22.7032	3539	3620
22.7054	3620	3699
22.7272	3699	3776
22.7294	3776	3852
22.7512	3852	3926
22.7534	3926	3999
22.7752	3999	4070
22.7774	4070	4140
22.7992	4140	4209
22.8014	4209	4277
22.8232	4277	4344
22.8254	4344	4410
22.8472	4410	4475
22.8494	4475	4539
22.8712	4539	4602
22.8734	4602	4664
22.8952	4664	4725
22.8974	4725	4785
22.9192	4785	4845
22.9214	4845	4904
22.9432	4904	4962
22.9454	4962	5019
22.9672	5019	5076
22.9694	5076	5132
22.9912	5132	5187
22.9934	5187	5242
23.0152	5242	5296
23.0174	5296	5350
23.0392	5350	5403
23.0414	5403	5456
23.0632	5456	5508
23.0654	5508	5560
23.0872	5560	5611
23.0894	5611	5662
23.1112	5662	5712
23.1134	5712	5762
23.1352	5762	5811
23.1374	5811	5860
23.1592	5860	5909
23.1614	5909	5957
23.1832	5957	6005
23.1854	6005	6052
23.2072	6052	6099
23.2094	6099	6146
23.2312	6146	6192
23.2334	6192	6238
23.2552	6238	6284
23.2574	6284	6329
23.2792	6329	6374
23.2814	6374	6419
23.3032	6419	6463
23.3054	6463	6507
23.3272	6507	6551
23.3294	6551	6594
23.3512	6594	6637
23.3534	6637	6680
23.3752	6680	6723
23.3774	6723	6765
23.3992	6765	6807
23.4014	6807	6849
23.4232	6849	6890
23.4254	6890	6931
23.4472	6931	6972
23.4494	6972	7013
23.4712	7013	7053
23.4734	7053	7093
23.4952	7093	7133
23.4974	7133	7173
23.5192	7173	7213
23.5214	7213	7252
23.5432	7252	7291
23.5454	7291	7330
23.5672	7330	7369
23.5694	7369	7407
23.5912	7407	7445
23.5934	7445	7483
23.6152	7483	7521
23.6174	7521	7559
23.6392	7559	7597
23.6414	7597	7634
23.6632	7634	7671
23.6654	7671	7708
23.6872	7708	7745
23.6894	7745	7782
23.7112	7782	7818
23.7134	7818	7854
23.7352	7854	7890
23.7374	7890	7926
23.7592	7926	7962
23.7614	7962	7998
23.7832	7998	8033
23.7854	8033	8068
23.8072	8068	8103
23.8094	8103	8138
23.8312	8138	8173
23.8334	8173	8208
23.8552	8208	8243
23.8574	8243	8277
23.8792	8277	8311
23.8814	8311	8345
23.9032	8345	8379
23.9054	8379	8413
23.9272	8413	8447
23.9294	8447	8481
23.9512	8481	8514
23.9534	8514	8547
23.9752	8547	8580
23.9774	8580	8613
23.9992	8613	8646
24.0014	8646	8679
24.0232	8679	8712
24.0254	8712	8744
24.0472	8744	8776
24.0494	8776	8808
24.0712	8808	8840
24.0734	8840	8872
24.0952	8872	8904
24.0974	8904	8936
24.1192	8936	8968
24.1214	8968	9000
24.1432	9000	9031
24.1454	9031	9062
24.1672	9062	9093
24.1694	9093	9124
24.1912	9124	9155
24.1934	9155	9186
24.2152	9186	9217
24.2174	9217	9248
24.2392	9248	9279
24.2414	9279	9309
24.2632	9309	9339
24.2654	9339	9369
24.2872	9369	9399
24.2894	9399	9429
24.3112	9429	9459
24.3134	9459	9489
24.3352	9489	9519
24.3374	9519	9549
24.3592	9549	9579
24.3614	9579	9608
24.3832	9608	9637
24.3854	9637	9666
24.4072	9666	9695
24.4094	9695	9724
24.4312	9724	9753
24.4334	9753	9782
24.4552	9782	9811
24.4574	9811	9840
24.4792	9840	9869
24.4814	9869	9898
24.5032	9898	9927
24.5054	9927	9955
24.5272	9955	9983
24.5294	9983	10011
24.5512	10011	10039
24.5534	10039	10067
24.5752	10067	10095
24.5774	10095	10123
24.5992	10123	10151
24.6014	10151	10179
24.6232	10179	10207
24.6254	10207	10235
24.6472	10235	10263
24.6494	10263	10290
24.6712	10290	10317
24.6734	10317	10344
24.6952	10344	10371
24.6974	10371	10398
24.7192	10398	10425
24.7214	10425	10452
24.7432	10452	10479
24.7454	10479	10506
24.7672	10506	10533
24.7694	10533	10560
24.7912	10560	10587
24.7934	10587	10614
24.8152	10614	10641
24.8174	10641	10667
24.8392	10667	10693
24.8414	10693	10719
24.8632	10719	10745
24.8654	10745	10771
24.8872	10771	10797
24.8894	10797	10823
24.9112	10823	10849
24.9134	10849	10875
24.9352	10875	10901
24.9374	10901	10927
24.9592	10927	10953
24.9614	10953	10979
24.9832	10979	11005
24.9854	11005	11031
25.0072	11031	11057
25.0094	11057	11082
25.0312	11082	11107
25.0334	11107	11132
25.0552	11132	11157
25.0574	11157	11182
25.0792	11182	11207
25.0814	11207	11232
25.1032	11232	11257
25.1054	11257	11282
25.1272	11282	11307
25.1294	11307	11332
25.1512	11332	11357
25.1534	11357	11382
25.1752	11382	11407
25.1774	11407	11432
25.1992	11432	11457
25.2014	11457	11482
25.2232	11482	11507
25.2254	11507	11531
25.2472	11531	11555
25.2494	11555	11579
25.2712	11579	11603
25.2734	11603	11627
25.2952	11627	11651
25.2974	11651	11675
25.3192	11675	11699
25.3214	11699	11723
25.3432	11723	11747
25.3454	11747	11771
25.3672	11771	11795
25.3694	11795	11819
25.3912	11819	11843
25.3934	11843	11867
25.4152	11867	11891
25.4174	11891	11915
25.4392	11915	11939
25.4414	11939	11963
25.4632	11963	11987
25.4654	11987	12010
25.4872	12010	12033
25.4894	12033	12056
25.5112	12056	12079
25.5134	12079	12102
25.5352	12102	12125
25.5374	12125	12148
25.5592	12148	12171
25.5614	12171	12194
25.5832	12194	12217
25.5854	12217	12240
25.6072	12240	12263
25.6094	12263	12286
25.6312	12286	12309
25.6334	12309	12332
25.6552	12332	12355
25.6574	12355	12378
25.6792	12378	12401
25.6814	12401	12424
25.7032	12424	12447
25.7054	12447	12470
25.7272	12470	12493
25.7294	12493	12515
25.7512	12515	12537
25.7534	12537	12559
25.7752	12559	12581
25.7774	12581	12603
25.7992	12603	12625
25.8014	12625	12647
25.8232	12647	12669
25.8254	12669	12691
25.8472	12691	12713
25.8494	12713	12735
25.8712	12735	12757
25.8734	12757	12779
25.8952	12779	12801
25.8974	12801	12823
25.9192	12823	12845
25.9214	12845	12867
25.945	12867	856
25.9517	856	2354
25.9517	2354	2476
25.9672	2476	2592
25.9684	2592	2702
25.9743	2702	2808
25.9912	2808	2910
25.9977	2910	3008
26.0152	3008	3103
26.0174	3103	3195
26.0392	3195	3284
26.0414	3284	3371
26.0632	3371	3456
26.0654	3456	3539
26.0872	3539	3620
26.0894	3620	3699
26.1112	3699	3776
26.1134	3776	3852
26.1352	3852	3926
26.1374	3926	3999
26.1592	3999	4070
26.1614	4070	4140
26.1832	4140	4209
26.1854	4209	4277
26.2072	4277	4344
26.2094	4344	4410
26.2312	4410	4475
26.2334	4475	4539
26.2552	4539	4602
26.2574	4602	4664
26.2792	4664	4725
26.2814	4725	4785
26.3032	4785	4845
26.3054	4845	4904
26.3272	4904	4962
26.3294	4962	5019
26.3512	5019	5076
26.3534	5076	5132
26.3752	5132	5187
26.3774	5187	5242
26.3992	5242	5296
26.4014	5296	5350
26.4232	5350	5403
26.4254	5403	5456
26.4472	5456	5508
26.4494	5508	5560
26.4712	5560	5611
26.4734	5611	5662
26.4952	5662	5712
26.4974	5712	5762
26.5192	5762	5811
26.5214	5811	5860
26.5432	5860	5909
26.5454	5909	5957
26.5672	5957	6005
26.5694	6005	6052
26.5912	6052	6099
26.5934	6099	6146
26.6152	6146	6192
26.6174	6192	6238
26.6392	6238	6284
26.6414	6284	6329
26.6632	6329	6374
26.6654	6374	6419
26.6872	6419	6463
26.6894	6463	6507
26.7112	6507	6551
26.7134	6551	6594
26.7352	6594	6637
26.7374	6637	6680
26.7592	6680	6723
26.7614	6723	6765
26.7832	6765	6807
26.8067	6807	3000
26.8072	3000	2503
26.8078	2503	2354
26.8084	2354	1928
26.8094	1928	1712
26.8133	1712	2354
26.8133	2354	2476
26.8312	2476	2592
26.8324	2592	2702
26.8383	2702	2808
26.8552	2808	2910
26.8617	2910	3008
26.8792	3008	3103
26.8814	3103	3195
26.9032	3195	3284
26.9054	3284	3371
26.9272	3371	3456
26.9294	3456	3539
26.9512	3539	3620
26.9534	3620	3699
26.9752	3699	3776
26.9774	3776	3852
26.9992	3852	3926
27.0014	3926	3999
27.0232	3999	4070
27.0254	4070	4140
27.0472	4140	4209
27.0494	4209	4277
27.0712	4277	4344
27.0734	4344	4410
27.0952	4410	4475
27.0974	4475	4539
27.1192	4539	4602
27.1214	4602	4664
27.1432	4664	4725
27.1454	4725	4785
27.1672	4785	4845
27.1694	4845	4904
27.1912	4904	4962
27.1934	4962	5019
27.2152	5019	5076
27.2174	5076	5132
27.2392	5132	5187
27.2414	5187	5242
27.2632	5242	5296
27.2654	5296	5350
27.2872	5350	5403
27.2894	5403	5456
27.3112	5456	5508
27.3134	5508	5560
27.3352	5560	5611
27.3374	5611	5662
27.3592	5662	5712
27.3614	5712	5762
27.3832	5762	5811
27.3854	5811	5860
27.4072	5860	5909
27.4094	5909	5957
27.4312	5957	6005
27.4334	6005	6052
27.4552	6052	6099
27.4574	6099	6146
27.4792	6146	6192
27.4814	6192	6238
27.5032	6238	6284
27.5054	6284	6329
27.5272	6329	6374
27.5294	6374	6419
27.5512	6419	6463
27.5534	6463	6507
27.5752	6507	6551
27.5774	6551	6594
27.5992	6594	6637
27.6014	6637	6680
27.6232	6680	6723
27.6254	6723	6765
27.6472	6765	6807
27.6494	6807	6849
27.6712	6849	6890
27.6734	6890	6931
27.6952	6931	6972
27.6974	6972	7013
27.7192	7013	7053
27.7214	7053	7093
27.7432	7093	7133
27.7454	7133	7173
27.7672	7173	7213
27.7694	7213	7252
27.7912	7252	7291
27.7934	7291	7330
27.8152	7330	7369
27.8174	7369	7407
27.8392	7407	7445
27.8414	7445	7483
27.8632	7483	7521
27.8654	7521	7559
27.8872	7559	7597
27.8894	7597	7634
27.913	7634	856
27.9197	856	2354
27.9197	2354	2476
27.9352	2476	2592
27.9364	2592	2702
27.9423	2702	2808
27.9592	2808	2910
27.9657	2910	3008
27.9832	3008	3103
27.9854	3103	3195
28.0072	3195	3284
28.0094	3284	3371
28.0312	3371	3456
28.0334	3456	3539
28.0552	3539	3620
28.0574	3620	3699
28.0792	3699	3776
28.0814	3776	3852
28.1032	3852	3926
28.1054	3926	3999
28.1272	3999	4070
28.1294	4070	4140
28.1512	4140	4209
28.1534	4209	4277
28.1752	4277	4344
28.1774	4344	4410
28.1992	4410	4475
28.2014	4475	4539
28.2232	4539	4602
28.2254	4602	4664
28.2472	4664	4725
28.2494	4725	4785
28.2712	4785	4845
28.2734	4845	4904
28.2952	4904	4962
28.2974	4962	5019
28.3192	5019	5076
28.3214	5076	5132
28.3432	5132	5187
28.3454	5187	5242
28.3672	5242	5296
28.3694	5296	5350
28.3912	5350	5403
28.3934	5403	5456
28.4152	5456	5508
28.4174	5508	5560
28.4392	5560	5611
28.4414	5611	5662
28.4632	5662	5712
28.4654	5712	5762
28.4872	5762	5811
28.4894	5811	5860
28.5112	5860	5909
28.5134	5909	5957
28.5352	5957	6005
28.5374	6005	6052
28.5592	6052	6099
28.5614	6099	6146
28.5832	6146	6192
28.5854	6192	6238
28.6072	6238	6284
28.6094	6284	6329
28.6312	6329	6374
28.6334	6374	6419
28.6552	6419	6463
28.6574	6463	6507
28.6792	6507	6551
28.6814	6551	6594
28.7032	6594	6637
28.7054	6637	6680
28.7272	6680	6723
28.7294	6723	6765
28.7512	6765	6807
28.7534	6807	6849
28.7752	6849	6890
28.7774	6890	6931
28.7992	6931	6972
28.8014	6972	7013
28.8232	7013	7053
28.8254	7053	7093
28.8472	7093	7133
28.8494	7133	7173
28.8712	7173	7213
28.8734	7213	7252
28.8952	7252	7291
28.8974	7291	7330
28.9192	7330	7369
28.9214	7369	7407
28.9432	7407	7445
28.9454	7445	7483
28.9672	7483	7521
28.9694	7521	7559
28.9912	7559	7597
28.9934	7597	7634
29.0152	7634	7671
29.0174	7671	7708
29.0392	7708	7745
29.0414	7745	7782
29.0632	7782	7818
29.0654	7818	7854
29.0872	7854	7890
29.0894	7890	7926
29.1112	7926	7962
29.1134	7962	7998
29.1352	7998	8033
29.1374	8033	8068
29.1592	8068	8103
29.1614	8103	8138
29.1832	8138	8173
29.1854	8173	8208
29.2072	8208	8243
29.2094	8243	8277
29.2312	8277	8311
29.2334	8311	8345
29.2552	8345	8379
29.2574	8379	8413
29.2792	8413	8447
29.2814	8447	8481
29.3032	8481	8514
29.3054	8514	8547
29.3272	8547	8580
29.3294	8580	8613
29.3512	8613	8646
29.3534	8646	8679
29.3752	8679	8712
29.3774	8712	8744
29.3992	8744	8776
29.4014	8776	8808
29.4232	8808	8840
29.4254	8840	8872
29.4472	8872	8904
29.4494	8904	8936
29.4712	8936	8968
29.4734	8968	536
29.48	536	2354
29.48	2354	2476
29.4952	2476	2592
29.4964	2592	2702
29.5023	2702	2808
29.5192	2808	2910
29.5257	2910	3008
29.5432	3008	3103
29.5454	3103	3195
29.5672	3195	3284
29.5694	3284	3371
29.5912	3371	3456
29.5934	3456	3539
29.6152	3539	3620
29.6174	3620	3699
29.6392	3699	3776
29.6414	3776	3852
29.6632	3852	3926
29.6654	3926	3999
29.6872	3999	4070
29.6894	4070	4140
29.7112	4140	4209
29.7134	4209	4277
29.7352	4277	4344
29.7374	4344	4410
29.7592	4410	4475
29.7614	4475	4539
29.7832	4539	4602
29.7854	4602	4664
29.8072	4664	4725
29.8094	4725	4785
29.8312	4785	4845
29.8334	4845	4904
29.8552	4904	4962
29.8574	4962	5019
29.8792	5019	5076
29.8814	5076	5132
29.9032	5132	5187
29.9054	5187	5242
29.9272	5242	5296
29.9294	5296	5350
29.9512	5350	5403
29.9534	5403	5456
29.9752	5456	5508
29.9774	5508	5560
29.9992	5560	5611
